Number:
	524.0,864.0,
Vertex:
	     0.008143,67.938202,-1.303607,
	     0.664643,67.938202,-1.127606,
	     0.664643,68.154701,-1.127606,
	     0.008143,68.154701,-1.303607,
	     1.145143,67.938202,-0.647106,
	     1.145143,68.154701,-0.647106,
	     1.321142,67.938202,0.009394,
	     1.321142,68.154701,0.009394,
	     1.145141,67.938202,0.665894,
	     1.145141,68.154701,0.665894,
	     0.664641,67.938202,1.146394,
	     0.664641,68.154701,1.146394,
	     0.008141,67.938202,1.322393,
	     0.008141,68.154701,1.322393,
	     -0.648359,67.938202,1.146392,
	     -0.648359,68.154701,1.146392,
	     -1.128859,67.938202,0.665892,
	     -1.128859,68.154701,0.665892,
	     -1.304858,67.938202,0.009392,
	     -1.304858,68.154701,0.009392,
	     -1.128857,67.938202,-0.647108,
	     -1.128857,68.154701,-0.647108,
	     -0.648357,67.938202,-1.127608,
	     -0.648357,68.154701,-1.127608,
	     0.008143,68.154701,-1.103607,
	     -0.548257,68.154701,-0.954307,
	     0.564543,68.154701,-0.954306,
	     0.971843,68.154701,-0.547006,
	     1.121142,68.154701,0.009394,
	     0.971841,68.154701,0.565794,
	     0.564541,68.154701,0.973094,
	     0.008141,68.154701,1.122393,
	     -0.548259,68.154701,0.973092,
	     -0.955559,68.154701,0.565792,
	     -1.104858,68.154701,0.009392,
	     -0.955557,68.154701,-0.547008,
	     -0.955557,67.938202,-0.547008,
	     -0.548257,67.938202,-0.954307,
	     -1.104858,67.938202,0.009392,
	     -0.955559,67.938202,0.565792,
	     -0.548259,67.938202,0.973092,
	     0.008141,67.938202,1.122393,
	     0.564541,67.938202,0.973094,
	     0.971841,67.938202,0.565794,
	     1.121142,67.938202,0.009394,
	     0.971843,67.938202,-0.547006,
	     0.564543,67.938202,-0.954306,
	     0.008143,67.938202,-1.103607,
	     1.451137,70.864197,4.918395,
	     1.438137,70.864197,4.918395,
	     1.438135,70.730202,6.479394,
	     1.451135,70.730202,6.479394,
	     1.438135,70.654198,7.283395,
	     1.451135,70.654198,7.283395,
	     1.438134,70.608200,7.778395,
	     1.451134,70.608200,7.778395,
	     1.438133,70.555199,8.543395,
	     1.451133,70.555199,8.543395,
	     1.426137,70.864197,4.918395,
	     1.426135,70.730202,6.479394,
	     1.426135,70.654198,7.283395,
	     1.426134,70.608200,7.778395,
	     1.426133,70.555199,8.543395,
	     1.249135,72.337204,6.491394,
	     1.294135,72.284203,7.065394,
	     1.281135,72.284203,7.065394,
	     1.236135,72.337204,6.491394,
	     1.320134,72.180199,7.910394,
	     1.307134,72.180199,7.910394,
	     1.339133,72.082199,8.620395,
	     1.326133,72.082199,8.620395,
	     1.365133,72.011200,9.355394,
	     1.352133,72.011200,9.355394,
	     1.268135,72.284203,7.065394,
	     1.223135,72.337204,6.491394,
	     1.294134,72.180199,7.910394,
	     1.313133,72.082199,8.620395,
	     1.339133,72.011200,9.355394,
	     1.432135,71.168198,6.540395,
	     1.432137,71.190201,5.288394,
	     1.451135,71.065201,7.345395,
	     1.451134,70.862198,7.951395,
	     1.451133,70.721199,8.644395,
	     1.413135,71.503197,6.603395,
	     1.417136,71.571198,5.684395,
	     1.432135,71.377197,7.438395,
	     1.432134,71.187202,8.100394,
	     1.451133,70.975197,8.769395,
	     1.369135,71.915199,6.783394,
	     1.369136,71.912201,6.048394,
	     1.388134,71.805199,7.547395,
	     1.410134,71.656197,8.360394,
	     1.421133,71.435204,9.038395,
	     1.438133,70.721199,8.644395,
	     1.426133,70.721199,8.644395,
	     1.438133,70.975197,8.769395,
	     1.426133,70.975197,8.769395,
	     1.408133,71.435204,9.038395,
	     1.395133,71.435204,9.038395,
	     1.426134,70.862198,7.951395,
	     1.426135,71.065201,7.345395,
	     1.407135,71.168198,6.540395,
	     1.407137,71.190201,5.288394,
	     1.407134,71.187202,8.100394,
	     1.407135,71.377197,7.438395,
	     1.388135,71.503197,6.603395,
	     1.391136,71.571198,5.684395,
	     1.384134,71.656197,8.360394,
	     1.362134,71.805199,7.547394,
	     1.343135,71.915199,6.783394,
	     1.343136,71.912201,6.048394,
	     1.419137,71.190201,5.288394,
	     1.404136,71.571198,5.684395,
	     1.356136,71.912201,6.048394,
	     1.232135,72.322197,6.490394,
	     0.726235,72.430199,6.614394,
	     0.726235,72.370201,7.280394,
	     1.283135,72.261200,7.063394,
	     0.726234,72.310204,7.960394,
	     1.304134,72.163200,7.910394,
	     0.726233,72.249199,8.788394,
	     1.326133,72.059196,8.623395,
	     1.181133,72.070198,9.440394,
	     1.350133,71.990204,9.339395,
	     0.228735,72.454201,6.614393,
	     0.228735,72.394203,7.280393,
	     0.228734,72.333199,7.960393,
	     0.228733,72.273201,8.788394,
	     0.414233,72.148201,9.462394,
	     -0.232165,72.454201,6.614393,
	     -0.232165,72.394203,7.280393,
	     -0.232166,72.333199,7.960393,
	     -0.232167,72.273201,8.788393,
	     -0.359867,72.131203,9.469393,
	     -0.728065,72.433197,6.614392,
	     -0.728065,72.372200,7.280392,
	     -0.728066,72.312202,7.960392,
	     -0.728067,72.251198,8.788393,
	     -1.181867,72.064201,9.440392,
	     -1.203865,72.317200,6.494392,
	     -1.248865,72.264198,7.059392,
	     -1.276866,72.164200,7.910392,
	     -1.290867,72.072197,8.619391,
	     -1.317867,72.011200,9.351392,
	     1.244135,72.348198,6.493394,
	     1.295135,72.287201,7.066394,
	     0.726235,72.407204,7.283394,
	     0.726235,72.456200,6.616394,
	     1.317134,72.188202,7.913394,
	     0.726234,72.336197,7.962394,
	     1.339133,72.085197,8.626394,
	     0.726233,72.240204,8.791393,
	     1.363133,72.016197,9.342395,
	     1.181133,72.096199,9.443395,
	     0.228735,72.435204,7.283393,
	     0.228735,72.483200,6.616393,
	     0.228734,72.394203,7.962393,
	     0.228733,72.265198,8.791393,
	     0.414233,72.151199,9.467394,
	     -0.232165,72.435204,7.283393,
	     -0.232165,72.483200,6.616393,
	     -0.232166,72.394203,7.962393,
	     -0.232167,72.265198,8.791392,
	     -0.359868,72.157204,9.472393,
	     -0.728065,72.410202,7.283392,
	     -0.728065,72.458199,6.616392,
	     -0.728066,72.338203,7.962392,
	     -0.728067,72.242203,8.791392,
	     -1.181867,72.090202,9.443392,
	     -1.260865,72.290199,7.062392,
	     -1.215865,72.343201,6.497392,
	     -1.288866,72.190201,7.913392,
	     -1.303867,72.098198,8.622392,
	     -1.330867,72.024200,9.354392,
	     -1.417863,70.864197,4.918392,
	     -1.404865,70.730202,6.479392,
	     -1.404863,70.864197,4.918392,
	     -1.417865,70.730202,6.479392,
	     -1.404865,70.654198,7.283392,
	     -1.417865,70.654198,7.283392,
	     -1.404866,70.608200,7.778392,
	     -1.417866,70.608200,7.778392,
	     -1.404867,70.555199,8.543392,
	     -1.417867,70.555199,8.543392,
	     -1.392865,70.730202,6.479392,
	     -1.392863,70.864197,4.918392,
	     -1.392865,70.654198,7.283392,
	     -1.392866,70.608200,7.778392,
	     -1.392867,70.555199,8.543392,
	     -1.215865,72.337204,6.491392,
	     -1.247865,72.284203,7.065392,
	     -1.260865,72.284203,7.065392,
	     -1.202865,72.337204,6.491392,
	     -1.273866,72.180199,7.910392,
	     -1.286866,72.180199,7.910392,
	     -1.292867,72.082199,8.620392,
	     -1.305867,72.082199,8.620392,
	     -1.318867,72.011200,9.355392,
	     -1.331867,72.011200,9.355392,
	     -1.234865,72.284203,7.065392,
	     -1.189865,72.337204,6.491392,
	     -1.260866,72.180199,7.910392,
	     -1.279867,72.082199,8.620392,
	     -1.305867,72.011200,9.355392,
	     -1.398865,71.168198,6.540392,
	     -1.398863,71.190201,5.288392,
	     -1.417865,71.065201,7.345392,
	     -1.417866,70.862198,7.951392,
	     -1.417867,70.721199,8.644392,
	     -1.379865,71.503197,6.603392,
	     -1.383864,71.571198,5.684392,
	     -1.398865,71.377197,7.438392,
	     -1.398866,71.187202,8.100391,
	     -1.417867,70.975197,8.769392,
	     -1.335865,71.915199,6.783392,
	     -1.335864,71.912201,6.048392,
	     -1.354866,71.805199,7.547392,
	     -1.376866,71.656197,8.360392,
	     -1.387867,71.435204,9.038392,
	     -1.404867,70.721199,8.644392,
	     -1.392867,70.721199,8.644392,
	     -1.404867,70.975197,8.769392,
	     -1.392867,70.975197,8.769392,
	     -1.374867,71.435204,9.038392,
	     -1.361867,71.435204,9.038392,
	     -1.392866,70.862198,7.951392,
	     -1.392865,71.065201,7.345392,
	     -1.373865,71.168198,6.540392,
	     -1.373863,71.190201,5.288392,
	     -1.373866,71.187202,8.100391,
	     -1.373865,71.377197,7.438392,
	     -1.354865,71.503197,6.603392,
	     -1.357864,71.571198,5.684392,
	     -1.350866,71.656197,8.360392,
	     -1.328866,71.805199,7.547392,
	     -1.309865,71.915199,6.783392,
	     -1.309864,71.912201,6.048392,
	     -1.386863,71.190201,5.288392,
	     -1.370864,71.571198,5.684392,
	     -1.322864,71.912201,6.048392,
	     1.422144,68.128304,-1.615606,
	     0.923744,68.128304,-1.615606,
	     0.923742,68.123604,0.270994,
	     1.422142,68.123604,0.270994,
	     0.923740,68.139397,2.088394,
	     1.422140,68.139397,2.088394,
	     0.923738,68.195000,3.905394,
	     1.422138,68.195000,3.905394,
	     0.923736,68.253197,6.401394,
	     1.422136,68.253197,6.401395,
	     0.923735,68.277298,7.244394,
	     1.422135,68.277298,7.244395,
	     0.312044,68.128304,-1.615607,
	     0.312042,68.123604,0.270993,
	     0.312040,68.139397,2.088393,
	     0.312038,68.195000,3.905393,
	     0.312036,68.253197,6.401393,
	     0.312035,68.277298,7.244393,
	     -0.299556,68.128304,-1.615607,
	     -0.299558,68.123604,0.270993,
	     -0.299560,68.139397,2.088393,
	     -0.299562,68.195000,3.905393,
	     -0.299564,68.253197,6.401393,
	     -0.299565,68.277298,7.244393,
	     -0.911256,68.128304,-1.615608,
	     -0.911258,68.123604,0.270992,
	     -0.911260,68.139397,2.088392,
	     -0.911262,68.195000,3.905392,
	     -0.911264,68.253197,6.401392,
	     -0.911265,68.277298,7.244392,
	     -1.429856,68.128304,-1.615608,
	     -1.429858,68.123604,0.270992,
	     -1.429860,68.139397,2.088392,
	     -1.429862,68.195000,3.905391,
	     -1.429864,68.253197,6.401392,
	     -1.429865,68.277298,7.244392,
	     1.535143,71.250198,-1.454605,
	     1.535142,71.273201,0.270995,
	     0.923742,71.337204,0.270994,
	     0.923743,71.314201,-1.454606,
	     1.535140,71.253197,2.088395,
	     0.923740,71.317200,2.088394,
	     1.535138,71.188202,3.905395,
	     0.923738,71.252197,3.905394,
	     1.535135,71.090202,7.064394,
	     0.923735,71.152199,7.078394,
	     1.535133,70.574203,8.634395,
	     0.923733,70.683197,8.634394,
	     0.312042,71.379204,0.270993,
	     0.312043,71.356201,-1.454607,
	     0.312040,71.358200,2.088393,
	     0.312038,71.294197,3.905393,
	     0.312035,71.193199,7.087393,
	     0.312033,70.683197,8.634394,
	     -0.299558,71.384201,0.270993,
	     -0.299557,71.361198,-1.454607,
	     -0.299560,71.364197,2.088393,
	     -0.299562,71.299202,3.905393,
	     -0.299565,71.198204,7.088393,
	     -0.299567,70.683197,8.634393,
	     -0.911258,71.368202,0.270992,
	     -0.911257,71.345200,-1.454608,
	     -0.911260,71.348198,2.088392,
	     -0.911262,71.283203,3.905392,
	     -0.911265,71.183197,7.085392,
	     -0.911267,70.683197,8.634392,
	     -1.522858,71.268204,0.270992,
	     -1.522857,71.245201,-1.454608,
	     -1.522860,71.247200,2.088392,
	     -1.522862,71.183197,3.905391,
	     -1.522865,71.085197,7.063391,
	     -1.522867,70.563202,8.634392,
	     0.923735,68.627502,7.444394,
	     1.521134,68.627502,7.444395,
	     0.312035,68.627502,7.444393,
	     -0.299565,68.627502,7.444393,
	     -0.911265,68.627502,7.444392,
	     -1.526865,68.627502,7.444391,
	     0.923734,69.060204,7.691394,
	     1.615134,69.060204,7.691395,
	     0.312034,69.060204,7.691393,
	     -0.299566,69.060204,7.691393,
	     -0.911266,69.060204,7.691392,
	     -1.615866,69.060204,7.691391,
	     0.923734,69.548203,7.969394,
	     1.643134,69.548203,7.969395,
	     0.312034,69.548203,7.969393,
	     -0.299566,69.548203,7.969393,
	     -0.911266,69.548203,7.969392,
	     -1.655866,69.548203,7.969391,
	     0.923734,70.052200,8.263393,
	     1.603134,70.052200,8.263394,
	     0.312034,70.052200,8.263393,
	     -0.299566,70.052200,8.263392,
	     -0.911266,70.052200,8.263391,
	     -1.614866,70.052200,8.263391,
	     -0.911256,68.721001,-1.680608,
	     -1.539856,68.721001,-1.680609,
	     -0.299556,68.721001,-1.680607,
	     0.312044,68.721001,-1.680607,
	     0.923744,68.721001,-1.680606,
	     1.564144,68.721001,-1.680605,
	     -0.911256,69.313202,-1.735608,
	     -1.621856,69.313202,-1.735609,
	     -0.299556,69.313202,-1.735607,
	     0.312044,69.313202,-1.735607,
	     0.923744,69.313202,-1.735606,
	     1.639144,69.313202,-1.735605,
	     -0.911256,69.720200,-1.757608,
	     -1.639856,69.720200,-1.757609,
	     -0.299556,69.720200,-1.757607,
	     0.312044,69.720200,-1.757607,
	     0.923744,69.720200,-1.757606,
	     1.654144,69.720200,-1.757605,
	     -0.911256,70.377197,-1.653608,
	     -1.609856,70.377197,-1.653609,
	     -0.299556,70.377197,-1.653607,
	     0.312044,70.377197,-1.653607,
	     0.923744,70.377197,-1.653606,
	     1.616144,70.377197,-1.653605,
	     1.391002,70.863403,7.994280,
	     0.463702,70.863403,7.993902,
	     0.463688,70.863403,8.029263,
	     1.390988,70.863403,8.029640,
	     -0.463698,70.863403,7.993524,
	     -0.463712,70.863403,8.028884,
	     -1.390998,70.863403,7.993145,
	     -1.391012,70.863403,8.028505,
	     1.215002,72.176201,7.994209,
	     1.214988,72.176201,8.029569,
	     0.405088,72.350197,8.029238,
	     0.405102,72.350197,7.993878,
	     0.405102,72.350197,7.993878,
	     0.405088,72.350197,8.029238,
	     -0.405112,72.350197,8.028908,
	     -0.405098,72.350197,7.993547,
	     -0.405098,72.350197,7.993547,
	     -0.405112,72.350197,8.028908,
	     -1.215012,72.176201,8.028577,
	     -1.214998,72.176201,7.993217,
	     1.377988,71.112801,8.029635,
	     1.378002,71.112801,7.994275,
	     1.325988,71.714203,8.029613,
	     1.326002,71.714203,7.994254,
	     1.390988,70.863403,8.029640,
	     0.463688,70.863403,8.029263,
	     0.459288,71.112801,8.029261,
	     1.377988,71.112801,8.029635,
	     -0.463712,70.863403,8.028884,
	     -0.459312,71.112801,8.028886,
	     -1.391012,70.863403,8.028505,
	     -1.378012,71.112801,8.028511,
	     0.441788,71.714203,8.029253,
	     1.325988,71.714203,8.029613,
	     -0.441812,71.714203,8.028893,
	     -1.326012,71.714203,8.028532,
	     0.405088,72.350197,8.029238,
	     1.214988,72.176201,8.029569,
	     -0.405112,72.350197,8.028908,
	     -1.215012,72.176201,8.028577,
	     -1.377998,71.112801,7.993151,
	     -1.378012,71.112801,8.028511,
	     -1.325998,71.714203,7.993172,
	     -1.326012,71.714203,8.028532,
	     -0.459298,71.112801,7.993526,
	     0.459302,71.112801,7.993900,
	     -0.441798,71.714203,7.993533,
	     0.441802,71.714203,7.993893,
	     1.422144,68.128304,-1.615606,
	     1.422142,68.123604,0.270994,
	     1.564142,68.721001,0.270995,
	     1.564144,68.721001,-1.680605,
	     1.422142,68.123604,0.270994,
	     1.422140,68.139397,2.088394,
	     1.564140,68.721001,2.088395,
	     1.564142,68.721001,0.270995,
	     1.639142,69.313202,0.270995,
	     1.639144,69.313202,-1.735605,
	     1.639140,69.313202,2.088395,
	     1.639142,69.313202,0.270995,
	     1.654142,69.749199,0.270995,
	     1.654144,69.720200,-1.757605,
	     1.654140,69.749199,2.088395,
	     1.654142,69.749199,0.270995,
	     1.616142,70.341202,0.270995,
	     1.616144,70.377197,-1.653605,
	     1.616140,70.341202,2.088395,
	     1.616142,70.341202,0.270995,
	     1.535142,71.273201,0.270995,
	     1.535143,71.250198,-1.454605,
	     1.535140,71.253197,2.088395,
	     1.535142,71.273201,0.270995,
	     -1.429860,68.139397,2.088392,
	     -1.429858,68.123604,0.270992,
	     -1.539858,68.721001,0.270991,
	     -1.539860,68.721001,2.088392,
	     -1.429856,68.128304,-1.615608,
	     -1.539856,68.721001,-1.680609,
	     -1.621858,69.313202,0.270991,
	     -1.621860,69.313202,2.088391,
	     -1.621856,69.313202,-1.735609,
	     -1.639858,69.749199,0.270991,
	     -1.639860,69.749199,2.088391,
	     -1.639856,69.720200,-1.757609,
	     -1.609858,70.341202,0.270991,
	     -1.609860,70.341202,2.088391,
	     -1.609856,70.377197,-1.653609,
	     -1.522858,71.268204,0.270992,
	     -1.522860,71.247200,2.088392,
	     -1.522857,71.245201,-1.454608,
	     1.422140,68.139297,2.088394,
	     1.422138,68.195000,3.905394,
	     1.564138,68.721001,3.905395,
	     1.422136,68.253197,6.401395,
	     1.564135,68.712402,6.503395,
	     1.422135,68.277199,7.244395,
	     1.521134,68.627502,7.444395,
	     1.639138,69.313202,3.905395,
	     1.746135,69.291199,6.631395,
	     1.615134,69.060204,7.691395,
	     1.654138,69.749199,3.905395,
	     1.654135,69.716202,6.725395,
	     1.643134,69.548203,7.969395,
	     1.616138,70.341202,3.905395,
	     1.616135,70.352203,6.866395,
	     1.603134,70.052200,8.263394,
	     1.535138,71.188202,3.905395,
	     1.535135,71.090202,7.064394,
	     1.535133,70.574203,8.634395,
	     -1.429865,68.277199,7.244392,
	     -1.429864,68.253197,6.401392,
	     -1.539865,68.712402,6.503391,
	     -1.526865,68.627502,7.444391,
	     -1.429862,68.195000,3.905391,
	     -1.539862,68.721001,3.905391,
	     -1.429860,68.139297,2.088392,
	     -1.621865,69.291199,6.631392,
	     -1.615866,69.060204,7.691391,
	     -1.621862,69.313202,3.905391,
	     -1.639865,69.716202,6.725391,
	     -1.655866,69.548203,7.969391,
	     -1.639862,69.749199,3.905391,
	     -1.609865,70.294197,6.853391,
	     -1.614866,70.052200,8.263391,
	     -1.609862,70.341202,3.905391,
	     -1.522865,71.085197,7.063391,
	     -1.522867,70.563202,8.634392,
	     -1.522862,71.183197,3.905391,
	     0.022764,68.823822,-2.389483,
	     -0.340607,68.556763,-1.379891,
	     0.136810,68.483574,-1.433972,
	     -0.363015,68.883560,-2.352326,
	     -0.762859,68.789803,-1.320149,
	     -0.704273,69.072021,-2.309808,
	     -1.079097,69.155174,-1.261744,
	     -0.959805,69.366241,-2.267077,
	     -1.251031,69.607643,-1.211865,
	     -1.098990,69.730927,-2.229256,
	     -1.258271,70.092918,-1.176718,
	     -1.104824,70.122063,-2.200927,
	     -1.099946,70.552757,-1.160522,
	     -0.976605,70.492363,-2.185516,
	     -0.794816,70.931953,-1.165001,
	     -0.730007,70.797119,-2.184865,
	     -0.379794,71.183594,-1.189639,
	     -0.394585,70.999786,-2.199056,
	     0.095124,71.277946,-1.231585,
	     -0.010829,71.075676,-2.226389,
	     0.572481,71.204758,-1.285661,
	     0.374950,71.015930,-2.263546,
	     0.994833,70.971718,-1.345411,
	     0.716207,70.827469,-2.306065,
	     1.311577,70.606346,-1.403759,
	     0.971740,70.533257,-2.348796,
	     1.483528,70.153862,-1.453439,
	     1.110924,70.168564,-2.386617,
	     1.490768,69.668587,-1.488586,
	     1.116759,69.777428,-2.414945,
	     1.332426,69.208763,-1.504981,
	     0.988539,69.407127,-2.430357,
	     1.026789,68.829567,-1.500560,
	     0.741942,69.102379,-2.431007,
	     0.611668,68.577927,-1.475912,
	     0.406519,68.899712,-2.416817,	 
Normals:    
	      0.061965,-0.717885,-0.693399,
	      0.473917,-0.566494,-0.674157,
	      0.346977,0.566494,-0.747457,
	      -0.061963,0.717885,-0.693399,
	      0.631459,-0.717868,-0.293128,
	      0.569535,0.717868,-0.400369,
	      0.693399,-0.717885,0.061965,
	      0.693399,0.717885,-0.061963,
	      0.569534,-0.717868,0.400370,
	      0.631459,0.717868,0.293129,
	      0.293128,-0.717868,0.631459,
	      0.400369,0.717868,0.569535,
	      -0.061965,-0.717885,0.693399,
	      0.061963,0.717885,0.693399,
	      -0.400370,-0.717868,0.569534,
	      -0.293129,0.717868,0.631459,
	      -0.631459,-0.717868,0.293128,
	      -0.569535,0.717868,0.400369,
	      -0.693399,-0.717885,-0.061965,
	      -0.693399,0.717885,0.061963,
	      -0.569534,-0.717868,-0.400370,
	      -0.631459,0.717868,-0.293129,
	      -0.247666,-0.808710,-0.533525,
	      -0.338275,0.808710,-0.481204,
	      0.062018,0.717903,0.693375,
	      0.473970,0.566483,0.674129,
	      -0.247754,0.808703,0.533496,
	      -0.569513,0.717859,0.400416,
	      -0.693375,0.717903,0.062018,
	      -0.631422,0.717859,-0.293231,
	      -0.400416,0.717859,-0.569513,
	      -0.062018,0.717903,-0.693375,
	      0.293231,0.717859,-0.631422,
	      0.569513,0.717859,-0.400416,
	      0.693375,0.717903,-0.062018,
	      0.631422,0.717859,0.293231,
	      0.569512,-0.717859,0.400417,
	      0.347094,-0.566483,0.747411,
	      0.693375,-0.717903,0.062019,
	      0.631423,-0.717859,-0.293229,
	      0.400417,-0.717859,-0.569512,
	      0.062019,-0.717903,-0.693375,
	      -0.293229,-0.717859,-0.631423,
	      -0.569512,-0.717859,-0.400417,
	      -0.693375,-0.717903,-0.062019,
	      -0.631423,-0.717859,0.293229,
	      -0.338317,-0.808703,0.481187,
	      -0.062019,-0.717903,0.693375,
	      0.816833,-0.467208,-0.338380,
	      0.000000,-0.312972,-0.949762,
	      0.000000,-0.995958,-0.089820,
	      0.717175,-0.693484,-0.068846,
	      0.000000,-0.995636,-0.093319,
	      0.707107,-0.704038,-0.065799,
	      0.000000,-0.996728,-0.080827,
	      0.707129,-0.704990,-0.054392,
	      0.000000,-0.888140,0.459573,
	      0.357189,-0.727656,0.585605,
	      -0.558638,0.252441,-0.790061,
	      -0.690490,-0.720571,-0.063254,
	      -0.701755,-0.709782,-0.061229,
	      -0.707128,-0.704543,-0.059911,
	      -0.607514,-0.763948,0.217509,
	      0.233320,0.922788,-0.306633,
	      0.616850,0.784753,0.060485,
	      0.000000,0.994252,0.107065,
	      0.000000,0.943983,-0.329993,
	      0.638161,0.765256,0.084462,
	      0.000000,0.991586,0.129449,
	      0.643721,0.762222,0.068125,
	      0.000000,0.993195,0.116465,
	      0.847298,0.332815,0.413908,
	      0.000000,0.466821,0.884352,
	      -0.774969,0.624654,0.096076,
	      -0.824910,0.515087,-0.232829,
	      -0.765750,0.635275,0.100264,
	      -0.754703,0.649431,0.093080,
	      -0.416041,0.383680,0.824439,
	      0.998494,0.054438,-0.006836,
	      0.694594,0.548740,-0.465213,
	      0.999341,0.036298,0.000020,
	      0.999822,0.018823,0.001393,
	      0.707419,-0.330811,0.624597,
	      0.997013,0.077219,-0.001674,
	      0.682982,0.559409,-0.469677,
	      0.997433,0.071555,-0.002674,
	      0.998516,0.054254,0.004789,
	      0.715663,-0.315351,0.623201,
	      0.987861,0.155341,-0.000421,
	      0.636874,0.618921,-0.459704,
	      0.990179,0.139763,-0.003495,
	      0.994646,0.103338,0.000208,
	      0.716938,-0.302674,0.628003,
	      0.000000,-0.481148,0.876639,
	      -0.701951,-0.362104,0.613307,
	      0.000000,-0.473483,0.880803,
	      -0.696324,-0.353152,0.624833,
	      0.000000,-0.493518,0.869735,
	      -0.685949,-0.417021,0.596295,
	      -0.999616,-0.026720,-0.007368,
	      -0.999519,-0.030516,0.005588,
	      -0.999152,-0.040936,0.004368,
	      -0.718055,0.492174,-0.492100,
	      -0.998507,-0.054625,-0.000299,
	      -0.996683,-0.081197,-0.005531,
	      -0.996150,-0.087631,0.002542,
	      -0.722918,0.473367,-0.503302,
	      -0.993854,-0.110685,-0.001785,
	      -0.990643,-0.136479,-0.000651,
	      -0.984891,-0.172816,0.011172,
	      -0.741958,0.419101,-0.523310,
	      0.000000,0.735643,-0.677369,
	      0.000000,0.725221,-0.688516,
	      0.000000,0.725711,-0.688000,
	      0.374012,-0.815722,-0.441262,
	      -0.173999,-0.622347,-0.763157,
	      -0.136633,-0.986744,-0.087563,
	      0.429973,-0.895263,-0.116734,
	      -0.145551,-0.985868,-0.082942,
	      0.397195,-0.909677,-0.121339,
	      -0.184184,-0.976266,-0.113935,
	      0.359020,-0.927090,-0.107745,
	      -0.102281,-0.877356,0.468812,
	      0.476377,-0.638778,0.604175,
	      -0.009475,-0.647661,-0.761870,
	      -0.024005,-0.995696,-0.089513,
	      -0.023347,-0.996477,-0.080548,
	      -0.020332,-0.991290,-0.130119,
	      -0.039350,-0.954964,0.294102,
	      0.019447,-0.648290,-0.761145,
	      0.021745,-0.995770,-0.089274,
	      0.021428,-0.996484,-0.080999,
	      0.029016,-0.989269,-0.143194,
	      0.016313,-0.807200,0.590052,
	      0.176346,-0.633081,-0.753731,
	      0.147444,-0.984812,-0.091685,
	      0.165474,-0.982285,-0.087949,
	      0.192707,-0.977005,-0.091242,
	      -0.077495,-0.848706,0.523157,
	      -0.100378,-0.457788,-0.883377,
	      -0.431348,-0.893873,-0.122191,
	      -0.424874,-0.897652,-0.117059,
	      -0.394930,-0.912781,-0.104214,
	      -0.330265,-0.932336,0.147224,
	      0.340954,0.648011,-0.681052,
	      0.899331,0.437198,-0.007816,
	      0.154678,0.984544,0.082144,
	      0.028920,0.756351,-0.653526,
	      0.911086,0.411237,0.028404,
	      0.170840,0.978533,0.115271,
	      0.925551,0.378593,-0.004825,
	      0.160156,0.979910,0.118853,
	      0.949592,-0.097602,0.297908,
	      0.391286,0.564028,0.727164,
	      0.027709,0.997419,0.066245,
	      0.013644,0.754828,-0.655781,
	      0.047728,0.992303,0.114263,
	      0.037134,0.988098,0.149279,
	      0.029577,0.411279,0.911029,
	      -0.035418,0.996664,0.073522,
	      -0.025303,0.755743,-0.654379,
	      -0.044973,0.993913,0.100572,
	      -0.029444,0.986798,0.159258,
	      -0.026862,0.534435,0.844783,
	      -0.153985,0.984158,0.087871,
	      -0.030964,0.770139,-0.637124,
	      -0.179174,0.978492,0.102224,
	      -0.188765,0.976561,0.103421,
	      -0.248097,0.611215,0.751575,
	      -0.901651,0.432428,-0.005594,
	      -0.848732,0.159936,-0.504058,
	      -0.907399,0.419478,0.025791,
	      -0.930199,0.366454,0.021017,
	      -0.783412,0.211033,0.584578,
	      -0.816832,-0.467208,-0.338381,
	      0.000000,-0.995958,-0.089820,
	      0.000000,-0.312972,-0.949762,
	      -0.717175,-0.693484,-0.068848,
	      0.000000,-0.995636,-0.093319,
	      -0.707107,-0.704039,-0.065800,
	      0.000000,-0.996728,-0.080827,
	      -0.707128,-0.704990,-0.054393,
	      0.000000,-0.888140,0.459573,
	      -0.357189,-0.727656,0.585604,
	      0.690490,-0.720571,-0.063252,
	      0.558639,0.252441,-0.790061,
	      0.701756,-0.709782,-0.061228,
	      0.707129,-0.704542,-0.059909,
	      0.607514,-0.763948,0.217510,
	      -0.233320,0.922788,-0.306633,
	      0.000000,0.994252,0.107065,
	      -0.616850,0.784753,0.060484,
	      0.000000,0.943983,-0.329993,
	      0.000000,0.991586,0.129449,
	      -0.638160,0.765257,0.084461,
	      0.000000,0.993195,0.116465,
	      -0.643721,0.762222,0.068124,
	      0.000000,0.466821,0.884352,
	      -0.847299,0.332815,0.413906,
	      0.774969,0.624654,0.096077,
	      0.824910,0.515088,-0.232827,
	      0.765749,0.635275,0.100266,
	      0.754702,0.649431,0.093081,
	      0.416040,0.383680,0.824439,
	      -0.998494,0.054438,-0.006838,
	      -0.694594,0.548740,-0.465214,
	      -0.999341,0.036298,0.000018,
	      -0.999822,0.018823,0.001391,
	      -0.707420,-0.330812,0.624596,
	      -0.997013,0.077219,-0.001676,
	      -0.682981,0.559409,-0.469678,
	      -0.997433,0.071555,-0.002676,
	      -0.998516,0.054255,0.004787,
	      -0.715664,-0.315351,0.623200,
	      -0.987861,0.155341,-0.000423,
	      -0.636874,0.618921,-0.459705,
	      -0.990179,0.139763,-0.003497,
	      -0.994646,0.103338,0.000206,
	      -0.716939,-0.302675,0.628002,
	      0.000000,-0.481148,0.876639,
	      0.701951,-0.362104,0.613307,
	      0.000000,-0.473482,0.880803,
	      0.696323,-0.353152,0.624834,
	      0.000000,-0.493518,0.869735,
	      0.685948,-0.417020,0.596296,
	      0.999616,-0.026720,-0.007366,
	      0.999519,-0.030516,0.005590,
	      0.999152,-0.040936,0.004370,
	      0.718055,0.492175,-0.492099,
	      0.998507,-0.054625,-0.000297,
	      0.996683,-0.081197,-0.005529,
	      0.996150,-0.087631,0.002544,
	      0.722919,0.473368,-0.503301,
	      0.993854,-0.110685,-0.001783,
	      0.990643,-0.136479,-0.000649,
	      0.984891,-0.172816,0.011174,
	      0.741958,0.419102,-0.523308,
	      0.000000,0.735643,-0.677369,
	      0.000000,0.725221,-0.688516,
	      0.000000,0.725711,-0.688000,
	      0.000000,-0.903735,-0.428093,
	      0.000001,-0.743820,-0.668379,
	      -0.000000,-0.999995,0.003099,
	      -0.000000,-0.999988,0.004963,
	      -0.000000,-0.999807,0.019640,
	      -0.000000,-0.999729,0.023289,
	      -0.000000,-0.999637,0.026949,
	      -0.000000,-0.999669,0.025736,
	      -0.000000,-0.999663,0.025944,
	      -0.000000,-0.999640,0.026822,
	      -0.000001,-0.857584,0.514344,
	      -0.000001,-0.748313,0.663346,
	      0.000001,-0.743821,-0.668379,
	      -0.000000,-0.999995,0.003099,
	      -0.000000,-0.999807,0.019640,
	      -0.000000,-0.999637,0.026949,
	      -0.000000,-0.999663,0.025944,
	      -0.000001,-0.857584,0.514344,
	      0.000001,-0.743821,-0.668379,
	      -0.000000,-0.999995,0.003099,
	      -0.000000,-0.999807,0.019640,
	      -0.000000,-0.999637,0.026949,
	      -0.000000,-0.999663,0.025944,
	      -0.000000,-0.857584,0.514344,
	      0.000001,-0.743821,-0.668379,
	      -0.000000,-0.999995,0.003099,
	      -0.000000,-0.999807,0.019640,
	      -0.000000,-0.999637,0.026949,
	      -0.000000,-0.999663,0.025944,
	      -0.000001,-0.857584,0.514344,
	      0.000001,-0.521939,-0.852983,
	      -0.000000,-0.999999,0.001236,
	      -0.000000,-0.999872,0.015990,
	      -0.000000,-0.999603,0.028162,
	      -0.000000,-0.999686,0.025066,
	      -0.000000,-0.937576,0.347781,
	      0.073373,0.771816,-0.631599,
	      0.104113,0.994561,0.002879,
	      0.086050,0.996290,-0.001059,
	      0.059057,0.769778,-0.635574,
	      0.104071,0.994194,0.027355,
	      0.085759,0.996045,0.023210,
	      0.103207,0.994126,0.032577,
	      0.086074,0.995724,0.033537,
	      0.124976,0.969590,0.210420,
	      0.074751,0.983421,0.165214,
	      0.053652,0.300972,0.952123,
	      0.045594,0.343086,0.938197,
	      0.038624,0.999253,-0.000973,
	      0.021443,0.769621,-0.638141,
	      0.038350,0.998991,0.023368,
	      0.038074,0.998712,0.033528,
	      0.037132,0.983938,0.174605,
	      0.018178,0.356114,0.934266,
	      -0.008989,0.999959,-0.001162,
	      -0.010225,0.770027,-0.637929,
	      -0.008440,0.999689,0.023469,
	      -0.008464,0.999400,0.033592,
	      -0.004181,0.984703,0.174192,
	      0.002194,0.351683,0.936117,
	      -0.094234,0.995549,-0.001092,
	      -0.083468,0.768724,-0.634111,
	      -0.094469,0.995258,0.023158,
	      -0.093579,0.995052,0.033379,
	      -0.097839,0.980364,0.171211,
	      -0.029199,0.351541,0.935717,
	      -0.161358,0.986883,-0.004968,
	      -0.125872,0.769852,-0.625687,
	      -0.162378,0.986546,0.019000,
	      -0.161801,0.986253,0.033541,
	      -0.162064,0.978778,0.125414,
	      -0.101488,0.322061,0.941263,
	      -0.000001,-0.495835,0.868417,
	      -0.000001,-0.495806,0.868433,
	      -0.000001,-0.495835,0.868417,
	      -0.000001,-0.495835,0.868417,
	      -0.000001,-0.495835,0.868417,
	      -0.000001,-0.495863,0.868401,
	      -0.000001,-0.495369,0.868683,
	      -0.000001,-0.495242,0.868755,
	      -0.000001,-0.495369,0.868683,
	      -0.000001,-0.495369,0.868683,
	      -0.000001,-0.495369,0.868683,
	      -0.000001,-0.495496,0.868610,
	      -0.000001,-0.499437,0.866350,
	      -0.000001,-0.500917,0.865496,
	      -0.000001,-0.499437,0.866350,
	      -0.000001,-0.499437,0.866350,
	      -0.000001,-0.499437,0.866350,
	      -0.000001,-0.497956,0.867202,
	      -0.000000,-0.505358,0.862910,
	      -0.034853,-0.533182,0.845282,
	      -0.000001,-0.505359,0.862909,
	      -0.000001,-0.505359,0.862909,
	      0.016514,-0.519092,0.854559,
	      -0.000000,-0.532342,0.846529,
	      0.000001,-0.100749,-0.994912,
	      0.000001,-0.097992,-0.995187,
	      0.000001,-0.100749,-0.994912,
	      0.000001,-0.100749,-0.994912,
	      0.000001,-0.100749,-0.994912,
	      0.000001,-0.103505,-0.994629,
	      0.000001,-0.073239,-0.997314,
	      0.000001,-0.066820,-0.997765,
	      0.000001,-0.073239,-0.997314,
	      0.000001,-0.073239,-0.997314,
	      0.000001,-0.073239,-0.997314,
	      0.000001,-0.079656,-0.996822,
	      0.000001,0.051473,-0.998674,
	      0.000001,0.086669,-0.996237,
	      0.000001,0.051473,-0.998674,
	      0.000001,0.051473,-0.998674,
	      0.000001,0.051473,-0.998674,
	      0.000001,0.016213,-0.999869,
	      -0.000877,0.178378,-0.983962,
	      -0.012369,0.194968,-0.980732,
	      0.000271,0.177489,-0.984123,
	      0.002281,0.179245,-0.983802,
	      0.003626,0.184540,-0.982818,
	      0.000001,0.178405,-0.983957,
	      0.681861,-0.647112,-0.341045,
	      0.000288,-0.707107,-0.707107,
	      0.000000,-1.000000,0.000000,
	      0.725277,-0.688457,0.000296,
	      0.000289,-0.707107,-0.707107,
	      0.000000,-1.000000,0.000000,
	      -0.410943,-0.390399,-0.823842,
	      -0.725277,-0.688457,-0.000296,
	      0.425317,0.668243,-0.610374,
	      0.830544,0.556953,0.000339,
	      0.210044,0.977692,0.000086,
	      0.066809,0.309173,-0.948656,
	      0.000000,1.000000,0.000000,
	      0.000000,1.000000,0.000000,
	      0.000000,1.000000,0.000000,
	      0.000000,1.000000,0.000000,
	      -0.116172,0.542326,-0.832098,
	      -0.210044,0.977692,-0.000086,
	      -0.536716,0.843763,-0.000219,
	      -0.774819,0.519683,-0.359979,
	      0.997986,0.063426,0.000407,
	      0.705369,0.052881,-0.706865,
	      0.990759,0.135637,0.000404,
	      0.694337,0.130592,-0.707702,
	      -0.000408,-0.000001,1.000000,
	      -0.000408,0.000000,1.000000,
	      -0.000408,0.000000,1.000000,
	      -0.000408,-0.000000,1.000000,
	      -0.000408,-0.000001,1.000000,
	      -0.000408,0.000000,1.000000,
	      -0.000408,-0.000002,1.000000,
	      -0.000408,-0.000001,1.000000,
	      -0.000408,0.000001,1.000000,
	      -0.000408,0.000000,1.000000,
	      -0.000408,0.000000,1.000000,
	      -0.000408,0.000001,1.000000,
	      -0.000408,-0.000000,1.000000,
	      -0.000409,-0.000001,1.000000,
	      -0.000408,-0.000000,1.000000,
	      -0.000408,0.000000,1.000000,
	      -0.705349,0.044846,-0.707440,
	      -0.997199,0.074790,-0.000407,
	      -0.699412,0.095790,-0.708271,
	      -0.982754,0.184915,-0.000401,
	      0.000408,0.000000,-1.000000,
	      0.000408,-0.000000,-1.000000,
	      0.000408,-0.000000,-1.000000,
	      0.000408,0.000000,-1.000000,
	      0.972687,-0.232122,-0.000287,
	      0.972893,-0.231255,-0.000575,
	      0.980426,-0.196885,-0.000191,
	      0.986850,-0.161639,0.000001,
	      0.972183,-0.234221,0.001032,
	      0.971462,-0.237185,0.002062,
	      0.983538,-0.180700,0.000345,
	      0.986946,-0.161053,0.000001,
	      0.995447,-0.095312,0.000001,
	      0.997841,-0.065669,0.000176,
	      0.996787,-0.080097,0.000001,
	      0.997894,-0.064864,0.000001,
	      0.999997,-0.002379,-0.000129,
	      0.999599,0.028306,0.000230,
	      0.999890,0.014855,0.000001,
	      0.999511,0.031277,0.000001,
	      0.997588,0.069410,0.000595,
	      0.996879,0.078950,0.000488,
	      0.997001,0.077391,0.000528,
	      0.996818,0.079708,0.000319,
	      0.995976,0.089625,0.000193,
	      0.995696,0.092666,-0.001234,
	      0.996134,0.087840,0.001374,
	      0.996244,0.086584,0.000954,
	      -0.983026,-0.183463,0.000786,
	      -0.983379,-0.181567,0.000372,
	      -0.987124,-0.159957,0.000261,
	      -0.986343,-0.164703,0.000949,
	      -0.983201,-0.182524,-0.000456,
	      -0.985963,-0.166961,-0.000153,
	      -0.995960,-0.089795,0.000097,
	      -0.996004,-0.089307,-0.000001,
	      -0.994337,-0.106269,-0.000001,
	      -0.999993,0.003869,0.000146,
	      -0.999989,0.004685,-0.000001,
	      -0.999912,-0.013250,-0.000022,
	      -0.997330,0.073022,0.000259,
	      -0.997350,0.072759,0.000183,
	      -0.997870,0.065231,0.000716,
	      -0.995557,0.094156,-0.000048,
	      -0.995187,0.097985,0.001574,
	      -0.995345,0.096375,0.000305,
	      0.968520,-0.248905,0.003996,
	      0.962077,-0.272737,0.004684,
	      0.975758,-0.218780,-0.005645,
	      0.956793,-0.290582,0.010478,
	      0.959280,-0.282006,0.015972,
	      0.961095,-0.276105,0.007862,
	      0.963590,-0.266890,0.016236,
	      0.999193,-0.038035,-0.012902,
	      0.997202,-0.072506,0.018169,
	      0.974559,-0.216637,0.057478,
	      0.999901,0.014092,0.000010,
	      0.995391,0.095677,0.006553,
	      0.997241,0.053818,0.051120,
	      0.996634,0.081977,0.000386,
	      0.996490,0.082470,0.014382,
	      0.996767,0.076752,0.023781,
	      0.995668,0.092955,0.002040,
	      0.994757,0.101581,0.011840,
	      0.994101,0.103456,0.032555,
	      -0.968781,-0.247911,-0.001790,
	      -0.974590,-0.223968,0.003558,
	      -0.981528,-0.191315,-0.000824,
	      -0.980676,-0.195099,-0.014512,
	      -0.980113,-0.198407,0.003489,
	      -0.984434,-0.175752,0.000591,
	      -0.982570,-0.185804,0.005695,
	      -0.995147,-0.098193,-0.006443,
	      -0.994991,-0.097946,-0.019970,
	      -0.995961,-0.089788,-0.000321,
	      -0.999987,0.000410,-0.005061,
	      -0.999783,0.019897,-0.006146,
	      -0.999990,0.004526,-0.000040,
	      -0.996552,0.082869,0.004029,
	      -0.993840,0.108218,0.023899,
	      -0.997131,0.075693,0.001112,
	      -0.992636,0.119145,0.021868,
	      -0.988520,0.143383,0.047641,
	      -0.994503,0.104668,0.002874,
	      -0.065821,-0.942668,-0.327176,
	      -0.286082,-0.910106,-0.299772,
	      0.044708,-0.939193,-0.340466,
	      -0.391727,-0.875018,-0.284419,
	      -0.587622,-0.768128,-0.254322,
	      -0.674662,-0.698547,-0.238462,
	      -0.821404,-0.530519,-0.209390,
	      -0.879064,-0.434903,-0.195204,
	      -0.958888,-0.226428,-0.171065,
	      -0.980232,-0.115681,-0.160506,
	      -0.983661,0.107635,-0.144308,
	      -0.965540,0.220156,-0.138796,
	      -0.892577,0.430995,-0.132477,
	      -0.836773,0.531238,-0.132654,
	      -0.696443,0.704442,-0.136857,
	      -0.609621,0.779794,-0.142422,
	      -0.419240,0.894332,-0.156232,
	      -0.312460,0.935254,-0.166338,
	      -0.096085,0.977456,-0.188011,
	      0.017317,0.979277,-0.201786,
	      0.234063,0.944854,-0.229054,
	      0.341235,0.907524,-0.244864,
	      0.532667,0.800690,-0.274156,
	      0.619913,0.729230,-0.289711,
	      0.762995,0.563011,-0.317581,
	      0.820209,0.466485,-0.331133,
	      0.897980,0.260894,-0.354353,
	      0.918884,0.150921,-0.364519,
	      0.922151,-0.069698,-0.380499,
	      0.904569,-0.180364,-0.386295,
	      0.832634,-0.390091,-0.393129,
	      0.778805,-0.488349,-0.393673,
	      0.639695,-0.662145,-0.390325,
	      0.556244,-0.736233,-0.385428,
	      0.366008,-0.852982,-0.372102,
	      0.262794,-0.894261,-0.362266,
Index:
	     0,2,1,
	     2,0,3,
	     1,5,4,
	     5,1,2,
	     4,7,6,
	     7,4,5,
	     6,9,8,
	     9,6,7,
	     8,11,10,
	     11,8,9,
	     10,13,12,
	     13,10,11,
	     12,15,14,
	     15,12,13,
	     14,17,16,
	     17,14,15,
	     16,19,18,
	     19,16,17,
	     18,21,20,
	     21,18,19,
	     20,23,22,
	     23,20,21,
	     22,3,0,
	     3,22,23,
	     24,23,25,
	     24,3,23,
	     26,3,24,
	     26,2,3,
	     26,5,2,
	     27,5,26,
	     27,7,5,
	     28,7,27,
	     28,9,7,
	     29,9,28,
	     29,11,9,
	     30,11,29,
	     30,13,11,
	     31,13,30,
	     31,15,13,
	     32,15,31,
	     32,17,15,
	     33,17,32,
	     33,19,17,
	     34,19,33,
	     34,21,19,
	     35,21,34,
	     35,23,21,
	     35,25,23,
	     36,22,37,
	     36,20,22,
	     38,20,36,
	     38,18,20,
	     39,18,38,
	     39,16,18,
	     40,16,39,
	     40,14,16,
	     41,14,40,
	     41,12,14,
	     42,12,41,
	     42,10,12,
	     43,10,42,
	     43,8,10,
	     44,8,43,
	     44,6,8,
	     45,6,44,
	     45,4,6,
	     46,4,45,
	     46,1,4,
	     46,0,1,
	     47,0,46,
	     47,22,0,
	     47,37,22,
	     46,27,26,
	     27,46,45,
	     47,26,24,
	     26,47,46,
	     44,29,28,
	     29,44,43,
	     45,28,27,
	     28,45,44,
	     42,31,30,
	     31,42,41,
	     43,30,29,
	     30,43,42,
	     40,33,32,
	     33,40,39,
	     41,32,31,
	     32,41,40,
	     38,35,34,
	     35,38,36,
	     39,34,33,
	     34,39,38,
	     37,24,25,
	     24,37,47,
	     36,25,35,
	     25,36,37,
	     48,50,49,
	     50,48,51,
	     51,52,50,
	     52,51,53,
	     53,54,52,
	     54,53,55,
	     55,56,54,
	     56,55,57,
	     49,59,58,
	     59,49,50,
	     50,60,59,
	     60,50,52,
	     52,61,60,
	     61,52,54,
	     54,62,61,
	     62,54,56,
	     63,65,64,
	     65,63,66,
	     64,68,67,
	     68,64,65,
	     67,70,69,
	     70,67,68,
	     69,72,71,
	     72,69,70,
	     66,73,65,
	     73,66,74,
	     65,75,68,
	     75,65,73,
	     68,76,70,
	     76,68,75,
	     70,77,72,
	     77,70,76,
	     48,78,51,
	     78,48,79,
	     51,80,53,
	     80,51,78,
	     53,81,55,
	     81,53,80,
	     55,82,57,
	     82,55,81,
	     79,83,78,
	     83,79,84,
	     78,85,80,
	     85,78,83,
	     80,86,81,
	     86,80,85,
	     81,87,82,
	     87,81,86,
	     84,88,83,
	     88,84,89,
	     83,90,85,
	     90,83,88,
	     85,91,86,
	     91,85,90,
	     86,92,87,
	     92,86,91,
	     89,64,88,
	     64,89,63,
	     88,67,90,
	     67,88,64,
	     90,69,91,
	     69,90,67,
	     91,71,92,
	     71,91,69,
	     57,93,56,
	     93,57,82,
	     56,94,62,
	     94,56,93,
	     82,95,93,
	     95,82,87,
	     93,96,94,
	     96,93,95,
	     87,97,95,
	     97,87,92,
	     95,98,96,
	     98,95,97,
	     92,72,97,
	     72,92,71,
	     97,77,98,
	     77,97,72,
	     62,99,61,
	     99,62,94,
	     61,100,60,
	     100,61,99,
	     60,101,59,
	     101,60,100,
	     59,102,58,
	     102,59,101,
	     94,103,99,
	     103,94,96,
	     99,104,100,
	     104,99,103,
	     100,105,101,
	     105,100,104,
	     101,106,102,
	     106,101,105,
	     96,107,103,
	     107,96,98,
	     103,108,104,
	     108,103,107,
	     104,109,105,
	     109,104,108,
	     105,110,106,
	     110,105,109,
	     98,76,107,
	     76,98,77,
	     107,75,108,
	     75,107,76,
	     108,73,109,
	     73,108,75,
	     109,74,110,
	     74,109,73,
	     58,111,49,
	     111,58,102,
	     49,79,48,
	     79,49,111,
	     102,112,111,
	     112,102,106,
	     111,84,79,
	     84,111,112,
	     106,113,112,
	     113,106,110,
	     112,89,84,
	     89,112,113,
	     110,66,113,
	     66,110,74,
	     113,63,89,
	     63,113,66,
	     114,116,115,
	     116,114,117,
	     117,118,116,
	     118,117,119,
	     119,120,118,
	     120,119,121,
	     121,122,120,
	     122,121,123,
	     115,125,124,
	     125,115,116,
	     116,126,125,
	     126,116,118,
	     118,127,126,
	     127,118,120,
	     120,128,127,
	     128,120,122,
	     124,130,129,
	     130,124,125,
	     125,131,130,
	     131,125,126,
	     126,132,131,
	     132,126,127,
	     127,133,132,
	     133,127,128,
	     129,135,134,
	     135,129,130,
	     130,136,135,
	     136,130,131,
	     131,137,136,
	     137,131,132,
	     132,138,137,
	     138,132,133,
	     134,140,139,
	     140,134,135,
	     135,141,140,
	     141,135,136,
	     136,142,141,
	     142,136,137,
	     137,143,142,
	     143,137,138,
	     144,146,145,
	     146,144,147,
	     145,149,148,
	     149,145,146,
	     148,151,150,
	     151,148,149,
	     150,153,152,
	     153,150,151,
	     147,154,146,
	     154,147,155,
	     146,156,149,
	     156,146,154,
	     149,157,151,
	     157,149,156,
	     151,158,153,
	     158,151,157,
	     155,159,154,
	     159,155,160,
	     154,161,156,
	     161,154,159,
	     156,162,157,
	     162,156,161,
	     157,163,158,
	     163,157,162,
	     160,164,159,
	     164,160,165,
	     159,166,161,
	     166,159,164,
	     161,167,162,
	     167,161,166,
	     162,168,163,
	     168,162,167,
	     165,169,164,
	     169,165,170,
	     164,171,166,
	     171,164,169,
	     166,172,167,
	     172,166,171,
	     167,173,168,
	     173,167,172,
	     114,145,117,
	     145,114,144,
	     117,148,119,
	     148,117,145,
	     119,150,121,
	     150,119,148,
	     121,152,123,
	     152,121,150,
	     123,153,122,
	     153,123,152,
	     122,158,128,
	     158,122,153,
	     128,163,133,
	     163,128,158,
	     133,168,138,
	     168,133,163,
	     138,173,143,
	     173,138,168,
	     143,172,142,
	     172,143,173,
	     142,171,141,
	     171,142,172,
	     141,169,140,
	     169,141,171,
	     140,170,139,
	     170,140,169,
	     139,165,134,
	     165,139,170,
	     134,160,129,
	     160,134,165,
	     129,155,124,
	     155,129,160,
	     124,147,115,
	     147,124,155,
	     115,144,114,
	     144,115,147,
	     174,176,175,
	     175,177,174,
	     177,175,178,
	     178,179,177,
	     179,178,180,
	     180,181,179,
	     181,180,182,
	     182,183,181,
	     176,185,184,
	     184,175,176,
	     175,184,186,
	     186,178,175,
	     178,186,187,
	     187,180,178,
	     180,187,188,
	     188,182,180,
	     189,191,190,
	     190,192,189,
	     191,194,193,
	     193,190,191,
	     194,196,195,
	     195,193,194,
	     196,198,197,
	     197,195,196,
	     192,190,199,
	     199,200,192,
	     190,193,201,
	     201,199,190,
	     193,195,202,
	     202,201,193,
	     195,197,203,
	     203,202,195,
	     174,177,204,
	     204,205,174,
	     177,179,206,
	     206,204,177,
	     179,181,207,
	     207,206,179,
	     181,183,208,
	     208,207,181,
	     205,204,209,
	     209,210,205,
	     204,206,211,
	     211,209,204,
	     206,207,212,
	     212,211,206,
	     207,208,213,
	     213,212,207,
	     210,209,214,
	     214,215,210,
	     209,211,216,
	     216,214,209,
	     211,212,217,
	     217,216,211,
	     212,213,218,
	     218,217,212,
	     215,214,191,
	     191,189,215,
	     214,216,194,
	     194,191,214,
	     216,217,196,
	     196,194,216,
	     217,218,198,
	     198,196,217,
	     183,182,219,
	     219,208,183,
	     182,188,220,
	     220,219,182,
	     208,219,221,
	     221,213,208,
	     219,220,222,
	     222,221,219,
	     213,221,223,
	     223,218,213,
	     221,222,224,
	     224,223,221,
	     218,223,197,
	     197,198,218,
	     223,224,203,
	     203,197,223,
	     188,187,225,
	     225,220,188,
	     187,186,226,
	     226,225,187,
	     186,184,227,
	     227,226,186,
	     184,185,228,
	     228,227,184,
	     220,225,229,
	     229,222,220,
	     225,226,230,
	     230,229,225,
	     226,227,231,
	     231,230,226,
	     227,228,232,
	     232,231,227,
	     222,229,233,
	     233,224,222,
	     229,230,234,
	     234,233,229,
	     230,231,235,
	     235,234,230,
	     231,232,236,
	     236,235,231,
	     224,233,202,
	     202,203,224,
	     233,234,201,
	     201,202,233,
	     234,235,199,
	     199,201,234,
	     235,236,200,
	     200,199,235,
	     185,176,237,
	     237,228,185,
	     176,174,205,
	     205,237,176,
	     228,237,238,
	     238,232,228,
	     237,205,210,
	     210,238,237,
	     232,238,239,
	     239,236,232,
	     238,210,215,
	     215,239,238,
	     236,239,192,
	     192,200,236,
	     239,215,189,
	     189,192,239,
	     240,242,241,
	     242,240,243,
	     243,244,242,
	     244,243,245,
	     245,246,244,
	     246,245,247,
	     247,248,246,
	     248,247,249,
	     249,250,248,
	     250,249,251,
	     241,253,252,
	     253,241,242,
	     242,254,253,
	     254,242,244,
	     244,255,254,
	     255,244,246,
	     246,256,255,
	     256,246,248,
	     248,257,256,
	     257,248,250,
	     252,259,258,
	     259,252,253,
	     253,260,259,
	     260,253,254,
	     254,261,260,
	     261,254,255,
	     255,262,261,
	     262,255,256,
	     256,263,262,
	     263,256,257,
	     258,265,264,
	     265,258,259,
	     259,266,265,
	     266,259,260,
	     260,267,266,
	     267,260,261,
	     261,268,267,
	     268,261,262,
	     262,269,268,
	     269,262,263,
	     264,271,270,
	     271,264,265,
	     265,272,271,
	     272,265,266,
	     266,273,272,
	     273,266,267,
	     267,274,273,
	     274,267,268,
	     268,275,274,
	     275,268,269,
	     276,278,277,
	     278,276,279,
	     277,281,280,
	     281,277,278,
	     280,283,282,
	     283,280,281,
	     282,285,284,
	     285,282,283,
	     284,287,286,
	     287,284,285,
	     279,288,278,
	     288,279,289,
	     278,290,281,
	     290,278,288,
	     281,291,283,
	     291,281,290,
	     283,292,285,
	     292,283,291,
	     285,293,287,
	     293,285,292,
	     289,294,288,
	     294,289,295,
	     288,296,290,
	     296,288,294,
	     290,297,291,
	     297,290,296,
	     291,298,292,
	     298,291,297,
	     292,299,293,
	     299,292,298,
	     295,300,294,
	     300,295,301,
	     294,302,296,
	     302,294,300,
	     296,303,297,
	     303,296,302,
	     297,304,298,
	     304,297,303,
	     298,305,299,
	     305,298,304,
	     301,306,300,
	     306,301,307,
	     300,308,302,
	     308,300,306,
	     302,309,303,
	     309,302,308,
	     303,310,304,
	     310,303,309,
	     304,311,305,
	     311,304,310,
	     251,312,250,
	     312,251,313,
	     250,314,257,
	     314,250,312,
	     257,315,263,
	     315,257,314,
	     263,316,269,
	     316,263,315,
	     269,317,275,
	     317,269,316,
	     313,318,312,
	     318,313,319,
	     312,320,314,
	     320,312,318,
	     314,321,315,
	     321,314,320,
	     315,322,316,
	     322,315,321,
	     316,323,317,
	     323,316,322,
	     319,324,318,
	     324,319,325,
	     318,326,320,
	     326,318,324,
	     320,327,321,
	     327,320,326,
	     321,328,322,
	     328,321,327,
	     322,329,323,
	     329,322,328,
	     325,330,324,
	     330,325,331,
	     324,332,326,
	     332,324,330,
	     326,333,327,
	     333,326,332,
	     327,334,328,
	     334,327,333,
	     328,335,329,
	     335,328,334,
	     331,287,330,
	     287,331,286,
	     330,293,332,
	     293,330,287,
	     332,299,333,
	     299,332,293,
	     333,305,334,
	     305,333,299,
	     334,311,335,
	     311,334,305,
	     270,336,264,
	     336,270,337,
	     264,338,258,
	     338,264,336,
	     258,339,252,
	     339,258,338,
	     252,340,241,
	     340,252,339,
	     241,341,240,
	     341,241,340,
	     337,342,336,
	     342,337,343,
	     336,344,338,
	     344,336,342,
	     338,345,339,
	     345,338,344,
	     339,346,340,
	     346,339,345,
	     340,347,341,
	     347,340,346,
	     343,348,342,
	     348,343,349,
	     342,350,344,
	     350,342,348,
	     344,351,345,
	     351,344,350,
	     345,352,346,
	     352,345,351,
	     346,353,347,
	     353,346,352,
	     349,354,348,
	     354,349,355,
	     348,356,350,
	     356,348,354,
	     350,357,351,
	     357,350,356,
	     351,358,352,
	     358,351,357,
	     352,359,353,
	     359,352,358,
	     355,301,354,
	     301,355,307,
	     354,295,356,
	     295,354,301,
	     356,289,357,
	     289,356,295,
	     357,279,358,
	     279,357,289,
	     358,276,359,
	     276,358,279,
	     360,362,361,
	     362,360,363,
	     361,365,364,
	     365,361,362,
	     364,367,366,
	     367,364,365,
	     368,370,369,
	     370,368,371,
	     372,374,373,
	     374,372,375,
	     376,378,377,
	     378,376,379,
	     360,380,363,
	     380,360,381,
	     381,382,380,
	     382,381,383,
	     383,369,382,
	     369,383,368,
	     384,386,385,
	     386,384,387,
	     385,389,388,
	     389,385,386,
	     388,391,390,
	     391,388,389,
	     387,392,386,
	     392,387,393,
	     386,394,389,
	     394,386,392,
	     389,395,391,
	     395,389,394,
	     393,396,392,
	     396,393,397,
	     392,398,394,
	     398,392,396,
	     394,399,395,
	     399,394,398,
	     367,400,366,
	     400,367,401,
	     401,402,400,
	     402,401,403,
	     403,379,402,
	     379,403,378,
	     366,404,364,
	     404,366,400,
	     364,405,361,
	     405,364,404,
	     361,381,360,
	     381,361,405,
	     400,406,404,
	     406,400,402,
	     404,407,405,
	     407,404,406,
	     405,383,381,
	     383,405,407,
	     402,376,406,
	     376,402,379,
	     406,371,407,
	     371,406,376,
	     407,368,383,
	     368,407,371,
	     408,410,409,
	     410,408,411,
	     412,414,413,
	     414,412,415,
	     411,416,410,
	     416,411,417,
	     415,418,414,
	     418,415,419,
	     417,420,416,
	     420,417,421,
	     419,422,418,
	     422,419,423,
	     421,424,420,
	     424,421,425,
	     423,426,422,
	     426,423,427,
	     425,428,424,
	     428,425,429,
	     427,430,426,
	     430,427,431,
	     432,434,433,
	     434,432,435,
	     433,437,436,
	     437,433,434,
	     435,438,434,
	     438,435,439,
	     434,440,437,
	     440,434,438,
	     439,441,438,
	     441,439,442,
	     438,443,440,
	     443,438,441,
	     442,444,441,
	     444,442,445,
	     441,446,443,
	     446,441,444,
	     445,447,444,
	     447,445,448,
	     444,449,446,
	     449,444,447,
	     450,452,451,
	     452,450,414,
	     451,454,453,
	     454,451,452,
	     453,456,455,
	     456,453,454,
	     414,457,452,
	     457,414,418,
	     452,458,454,
	     458,452,457,
	     454,459,456,
	     459,454,458,
	     418,460,457,
	     460,418,422,
	     457,461,458,
	     461,457,460,
	     458,462,459,
	     462,458,461,
	     422,463,460,
	     463,422,426,
	     460,464,461,
	     464,460,463,
	     461,465,462,
	     465,461,464,
	     426,466,463,
	     466,426,430,
	     463,467,464,
	     467,463,466,
	     464,468,465,
	     468,464,467,
	     469,471,470,
	     471,469,472,
	     470,474,473,
	     474,470,471,
	     473,435,475,
	     435,473,474,
	     472,476,471,
	     476,472,477,
	     471,478,474,
	     478,471,476,
	     474,439,435,
	     439,474,478,
	     477,479,476,
	     479,477,480,
	     476,481,478,
	     481,476,479,
	     478,442,439,
	     442,478,481,
	     480,482,479,
	     482,480,483,
	     479,484,481,
	     484,479,482,
	     481,445,442,
	     445,481,484,
	     483,485,482,
	     485,483,486,
	     482,487,484,
	     487,482,485,
	     484,448,445,
	     448,484,487,
	     488,490,489,
	     488,489,491,
	     491,489,492,
	     491,492,493,
	     493,492,494,
	     493,494,495,
	     495,494,496,
	     495,496,497,
	     497,496,498,
	     497,498,499,
	     499,498,500,
	     499,500,501,
	     501,500,502,
	     501,502,503,
	     503,502,504,
	     503,504,505,
	     505,504,506,
	     505,506,507,
	     507,506,508,
	     507,508,509,
	     509,508,510,
	     509,510,511,
	     511,510,512,
	     511,512,513,
	     513,512,514,
	     513,514,515,
	     515,514,516,
	     515,516,517,
	     517,516,518,
	     517,518,519,
	     519,518,520,
	     519,520,521,
	     521,520,522,
	     521,522,523,
	     523,522,490,
	     523,490,488,