Number:
	621.0,1120.0,
Vertex:
	     -0.000009,-6.241800,2.270000,
	     -0.330509,1.728199,2.132749,
	     -0.000009,1.728199,2.234250,
	     -0.350009,-6.241800,2.161499,
	     -1.400007,-6.241800,1.835994,
	     -1.584506,1.728199,1.541294,
	     -1.380507,1.728199,1.807245,
	     -1.616506,-6.241800,1.552369,
	     -2.266003,-6.241800,0.701491,
	     -2.234002,1.728199,0.361816,
	     -2.234003,1.728199,0.690416,
	     -2.266001,-6.241800,0.350741,
	     -2.265997,-6.241800,-0.701509,
	     -2.029996,1.728199,-0.956383,
	     -2.233997,1.728199,-0.690434,
	     -2.049496,-6.241800,-0.985133,
	     -1.399993,-6.241800,-1.836006,
	     -1.049992,1.728199,-1.908754,
	     -1.380493,1.728199,-1.807256,
	     -1.049992,-6.241800,-1.944504,
	     0.000009,-6.241800,-2.270000,
	     0.330509,1.728199,-2.132749,
	     0.000009,1.728199,-2.234250,
	     0.350009,-6.241800,-2.161499,
	     1.400007,-6.241800,-1.835994,
	     1.584506,1.728199,-1.541294,
	     1.380507,1.728199,-1.807245,
	     1.616506,-6.241800,-1.552369,
	     2.266003,-6.241800,-0.701491,
	     2.234002,1.728199,-0.361816,
	     2.234003,1.728199,-0.690416,
	     2.266001,-6.241800,-0.350741,
	     2.265997,-6.241800,0.701509,
	     2.029996,1.728199,0.956383,
	     2.233997,1.728199,0.690434,
	     2.049496,-6.241800,0.985133,
	     1.399993,-6.241800,1.836006,
	     1.049992,1.728199,1.908754,
	     1.380493,1.728199,1.807256,
	     1.049992,-6.241800,1.944504,
	     -0.000009,25.638197,2.127000,
	     -0.260758,30.938198,1.926749,
	     -0.000008,30.938198,2.005000,
	     -0.330508,25.638197,2.025499,
	     -1.322007,25.638197,1.720995,
	     -1.413506,30.938198,1.417394,
	     -1.252257,30.938198,1.622245,
	     -1.526006,25.638197,1.455044,
	     -2.138003,25.638197,0.657191,
	     -2.025501,30.938198,0.366242,
	     -2.025502,30.938198,0.619542,
	     -2.138001,25.638197,0.328591,
	     -2.137997,25.638197,-0.657209,
	     -1.864247,30.938198,-0.824407,
	     -2.025497,30.938198,-0.619558,
	     -1.933996,25.638197,-0.923158,
	     -1.321993,25.638197,-1.721005,
	     -0.991493,30.938198,-1.700504,
	     -1.252244,30.938198,-1.622255,
	     -0.991493,25.638197,-1.822504,
	     0.000009,25.638197,-2.127000,
	     0.260758,30.938198,-1.926749,
	     0.000008,30.938198,-2.005000,
	     0.330508,25.638197,-2.025499,
	     1.322007,25.638197,-1.720995,
	     1.413506,30.938198,-1.417394,
	     1.252257,30.938198,-1.622245,
	     1.526006,25.638197,-1.455044,
	     2.138003,25.638197,-0.657191,
	     2.025501,30.938198,-0.366242,
	     2.025502,30.938198,-0.619542,
	     2.138001,25.638197,-0.328591,
	     2.137997,25.638197,0.657209,
	     1.864247,30.938198,0.824407,
	     2.025497,30.938198,0.619558,
	     1.933996,25.638197,0.923158,
	     1.321993,25.638197,1.721005,
	     0.991493,30.938198,1.700504,
	     1.252244,30.938198,1.622255,
	     0.991493,25.638197,1.822504,
	     -0.000007,46.838203,1.639000,
	     -0.191656,52.138203,1.479249,
	     -0.000006,52.138203,1.538250,
	     -0.260756,46.838203,1.560749,
	     -1.043005,46.838203,1.325996,
	     -1.092254,52.138203,1.089971,
	     -0.973905,52.138203,1.244496,
	     -1.204254,46.838203,1.121145,
	     -1.688002,46.838203,0.506593,
	     -1.576001,52.138203,0.284469,
	     -1.576002,52.138203,0.475419,
	     -1.688001,46.838203,0.253293,
	     -1.687998,46.838203,-0.506607,
	     -1.457647,52.138203,-0.629956,
	     -1.575998,52.138203,-0.475431,
	     -1.526747,46.838203,-0.711456,
	     -1.042995,46.838203,-1.326004,
	     -0.782245,52.138203,-1.303503,
	     -0.973895,52.138203,-1.244504,
	     -0.782244,46.838203,-1.404253,
	     0.000007,46.838203,-1.639000,
	     0.191656,52.138203,-1.479249,
	     0.000006,52.138203,-1.538250,
	     0.260756,46.838203,-1.560749,
	     1.043005,46.838203,-1.325996,
	     1.092254,52.138203,-1.089971,
	     0.973905,52.138203,-1.244496,
	     1.204254,46.838203,-1.121145,
	     1.688002,46.838203,-0.506593,
	     1.576001,52.138203,-0.284469,
	     1.576002,52.138203,-0.475419,
	     1.688001,46.838203,-0.253293,
	     1.687998,46.838203,0.506607,
	     1.457647,52.138203,0.629956,
	     1.575998,52.138203,0.475431,
	     1.526747,46.838203,0.711456,
	     1.042995,46.838203,1.326004,
	     0.782245,52.138203,1.303503,
	     0.973895,52.138203,1.244504,
	     0.782244,46.838203,1.404253,
	     0.000000,68.038200,0.000000,
	     -0.000001,68.038200,0.309000,
	     -0.191651,68.038200,0.249999,
	     -0.310000,68.038200,0.095474,
	     -0.310000,68.038200,-0.095476,
	     -0.191649,68.038200,-0.250001,
	     0.000001,68.038200,-0.309000,
	     0.191651,68.038200,-0.249999,
	     0.310000,68.038200,-0.095474,
	     0.310000,68.038200,0.095476,
	     0.191649,68.038200,0.250001,
	     -0.000009,17.668198,2.162750,
	     -0.991507,25.638197,1.822496,
	     -0.991507,17.668198,1.858246,
	     -0.661008,9.698198,1.995497,
	     -0.661008,17.668198,1.959747,
	     -0.330508,9.698198,2.096999,
	     -1.341507,17.668198,1.749745,
	     -1.050008,-6.241800,1.944496,
	     -0.700008,-6.241800,2.052997,
	     -1.030508,1.728199,1.915746,
	     -0.680508,1.728199,2.024247,
	     -1.934004,25.638197,0.923142,
	     -1.953504,17.668198,0.951892,
	     -1.769005,9.698198,1.246593,
	     -1.749505,17.668198,1.217843,
	     -1.565006,9.698198,1.512544,
	     -2.170003,17.668198,0.668266,
	     -2.049504,-6.241800,0.985117,
	     -1.833005,-6.241800,1.268743,
	     -2.017504,1.728199,0.974042,
	     -1.801005,1.728199,1.257668,
	     -2.137999,25.638197,-0.328609,
	     -2.169999,17.668198,-0.317534,
	     -2.202000,9.698198,0.022141,
	     -2.170000,17.668198,0.011066,
	     -2.202002,9.698198,0.350741,
	     -2.169997,17.668198,-0.668284,
	     -2.265999,-6.241800,-0.350759,
	     -2.266000,-6.241800,-0.000009,
	     -2.233999,1.728199,-0.339684,
	     -2.234000,1.728199,0.011066,
	     -1.525994,25.638197,-1.455056,
	     -1.557994,17.668198,-1.466131,
	     -1.793995,9.698198,-1.211257,
	     -1.761995,17.668198,-1.200182,
	     -1.997996,9.698198,-0.945308,
	     -1.341493,17.668198,-1.749755,
	     -1.616494,-6.241800,-1.552382,
	     -1.832995,-6.241800,-1.268757,
	     -1.596994,1.728199,-1.523631,
	     -1.813495,1.728199,-1.240007,
	     -0.330492,25.638197,-2.025501,
	     -0.349992,17.668198,-2.054251,
	     -0.699992,9.698198,-1.981503,
	     -0.680492,17.668198,-1.952753,
	     -1.030493,9.698198,-1.880004,
	     0.000009,17.668198,-2.162750,
	     -0.349991,-6.241800,-2.161501,
	     -0.699992,-6.241800,-2.053003,
	     -0.349991,1.728199,-2.125751,
	     -0.699992,1.728199,-2.017253,
	     0.991507,25.638197,-1.822496,
	     0.991507,17.668198,-1.858246,
	     0.661008,9.698198,-1.995497,
	     0.661008,17.668198,-1.959747,
	     0.330508,9.698198,-2.096999,
	     1.341507,17.668198,-1.749745,
	     1.050008,-6.241800,-1.944496,
	     0.700008,-6.241800,-2.052997,
	     1.030508,1.728199,-1.915746,
	     0.680508,1.728199,-2.024247,
	     1.934004,25.638197,-0.923142,
	     1.953504,17.668198,-0.951892,
	     1.769005,9.698198,-1.246593,
	     1.749505,17.668198,-1.217843,
	     1.565006,9.698198,-1.512544,
	     2.170003,17.668198,-0.668266,
	     2.049504,-6.241800,-0.985117,
	     1.833005,-6.241800,-1.268743,
	     2.017504,1.728199,-0.974042,
	     1.801005,1.728199,-1.257668,
	     2.137999,25.638197,0.328609,
	     2.169999,17.668198,0.317534,
	     2.202000,9.698198,-0.022141,
	     2.170000,17.668198,-0.011066,
	     2.202002,9.698198,-0.350741,
	     2.169997,17.668198,0.668284,
	     2.265999,-6.241800,0.350759,
	     2.266000,-6.241800,0.000009,
	     2.233999,1.728199,0.339684,
	     2.234000,1.728199,-0.011066,
	     1.525994,25.638197,1.455056,
	     1.557994,17.668198,1.466131,
	     1.793995,9.698198,1.211257,
	     1.761995,17.668198,1.200182,
	     1.997996,9.698198,0.945308,
	     1.341493,17.668198,1.749755,
	     1.616494,-6.241800,1.552382,
	     1.832995,-6.241800,1.268757,
	     1.596994,1.728199,1.523631,
	     1.813495,1.728199,1.240007,
	     0.330492,25.638197,2.025501,
	     0.349992,17.668198,2.054251,
	     0.699992,9.698198,1.981503,
	     0.680492,17.668198,1.952753,
	     1.030493,9.698198,1.880004,
	     0.349991,-6.241800,2.161501,
	     0.699992,-6.241800,2.053003,
	     0.349991,1.728199,2.125751,
	     0.699992,1.728199,2.017253,
	     -0.000007,41.538200,1.761000,
	     -0.782256,46.838203,1.404247,
	     -0.782256,41.538200,1.526247,
	     -0.521507,36.238201,1.726498,
	     -0.521506,41.538200,1.604498,
	     -0.260757,36.238201,1.804749,
	     -1.112756,41.538200,1.424746,
	     -0.661008,25.638197,1.923997,
	     -0.921757,30.938198,1.723746,
	     -0.591257,30.938198,1.825248,
	     -1.526753,46.838203,0.711444,
	     -1.596503,41.538200,0.810194,
	     -1.505004,36.238201,1.113794,
	     -1.435254,41.538200,1.015044,
	     -1.343755,36.238201,1.318645,
	     -1.800502,41.538200,0.544243,
	     -1.730005,25.638197,1.189093,
	     -1.821504,30.938198,0.885493,
	     -1.617505,30.938198,1.151443,
	     -1.687999,46.838203,-0.253307,
	     -1.800499,41.538200,-0.215657,
	     -1.913000,36.238201,0.075292,
	     -1.800500,41.538200,0.037643,
	     -1.913001,36.238201,0.328592,
	     -1.800498,41.538200,-0.544257,
	     -2.138000,25.638197,-0.000009,
	     -2.025499,30.938198,-0.290958,
	     -2.025500,30.938198,0.037642,
	     -1.204246,46.838203,-1.121155,
	     -1.316745,41.538200,-1.158805,
	     -1.590496,36.238201,-0.991606,
	     -1.477996,41.538200,-0.953956,
	     -1.751747,36.238201,-0.786757,
	     -1.112744,41.538200,-1.424754,
	     -1.729995,25.638197,-1.189107,
	     -1.456245,30.938198,-1.356306,
	     -1.660246,30.938198,-1.090357,
	     -0.260744,46.838203,-1.560751,
	     -0.330493,41.538200,-1.659501,
	     -0.660993,36.238201,-1.680003,
	     -0.591244,41.538200,-1.581252,
	     -0.921744,36.238201,-1.601754,
	     0.000007,41.538200,-1.761000,
	     -0.660992,25.638197,-1.924003,
	     -0.330492,30.938198,-1.903501,
	     -0.660993,30.938198,-1.802003,
	     0.782256,46.838203,-1.404247,
	     0.782256,41.538200,-1.526247,
	     0.521507,36.238201,-1.726498,
	     0.521506,41.538200,-1.604498,
	     0.260757,36.238201,-1.804749,
	     1.112756,41.538200,-1.424746,
	     0.661008,25.638197,-1.923997,
	     0.921757,30.938198,-1.723746,
	     0.591257,30.938198,-1.825248,
	     1.526753,46.838203,-0.711444,
	     1.596503,41.538200,-0.810194,
	     1.505004,36.238201,-1.113794,
	     1.435254,41.538200,-1.015044,
	     1.343755,36.238201,-1.318645,
	     1.800502,41.538200,-0.544243,
	     1.730005,25.638197,-1.189093,
	     1.821504,30.938198,-0.885493,
	     1.617505,30.938198,-1.151443,
	     1.687999,46.838203,0.253307,
	     1.800499,41.538200,0.215657,
	     1.913000,36.238201,-0.075292,
	     1.800500,41.538200,-0.037643,
	     1.913001,36.238201,-0.328592,
	     1.800498,41.538200,0.544257,
	     2.138000,25.638197,0.000009,
	     2.025499,30.938198,0.290958,
	     2.025500,30.938198,-0.037642,
	     1.204246,46.838203,1.121155,
	     1.316745,41.538200,1.158805,
	     1.590496,36.238201,0.991606,
	     1.477996,41.538200,0.953956,
	     1.751747,36.238201,0.786757,
	     1.112744,41.538200,1.424754,
	     1.729995,25.638197,1.189107,
	     1.456245,30.938198,1.356306,
	     1.660246,30.938198,1.090357,
	     0.260744,46.838203,1.560751,
	     0.330493,41.538200,1.659501,
	     0.660993,36.238201,1.680003,
	     0.591244,41.538200,1.581252,
	     0.921744,36.238201,1.601754,
	     0.660992,25.638197,1.924003,
	     0.330492,30.938198,1.903501,
	     0.660993,30.938198,1.802003,
	     -0.000005,68.038200,1.236000,
	     -0.000005,62.738201,1.336750,
	     -0.191655,68.038200,1.176999,
	     -0.766604,68.038200,0.999997,
	     -0.574954,68.038200,1.058998,
	     -0.574955,62.738201,1.159748,
	     -0.383305,57.438202,1.319499,
	     -0.383305,62.738201,1.218749,
	     -0.191656,57.438202,1.378499,
	     -0.835704,62.738201,1.081497,
	     -0.521506,46.838203,1.482498,
	     -0.713155,52.138203,1.322747,
	     -0.452406,52.138203,1.400998,
	     -0.884953,68.038200,0.845472,
	     -1.240002,68.038200,0.381895,
	     -1.121652,68.038200,0.536421,
	     -1.190753,62.738201,0.617920,
	     -1.141503,57.438202,0.853945,
	     -1.072403,62.738201,0.772446,
	     -1.023154,57.438202,1.008471,
	     -1.352002,62.738201,0.413070,
	     -1.365504,46.838203,0.916295,
	     -1.414753,52.138203,0.680269,
	     -1.253503,52.138203,0.885120,
	     -1.240001,68.038200,0.190945,
	     -1.239998,68.038200,-0.381905,
	     -1.239999,68.038200,-0.190955,
	     -1.351999,62.738201,-0.159780,
	     -1.464000,57.438202,0.062344,
	     -1.352000,62.738201,0.031170,
	     -1.464001,57.438202,0.253294,
	     -1.351998,62.738201,-0.413080,
	     -1.688000,46.838203,-0.000007,
	     -1.575999,52.138203,-0.222131,
	     -1.576000,52.138203,0.031169,
	     -1.121648,68.038200,-0.536430,
	     -0.766596,68.038200,-1.000003,
	     -0.884947,68.038200,-0.845479,
	     -0.996946,62.738201,-0.876654,
	     -1.227297,57.438202,-0.753305,
	     -1.115297,62.738201,-0.722129,
	     -1.345648,57.438202,-0.598780,
	     -0.835696,62.738201,-1.081503,
	     -1.365496,46.838203,-0.916305,
	     -1.135146,52.138203,-1.039654,
	     -1.296397,52.138203,-0.834805,
	     -0.574946,68.038200,-1.059002,
	     0.000005,68.038200,-1.236000,
	     -0.191645,68.038200,-1.177001,
	     -0.260745,62.738201,-1.258501,
	     -0.521495,57.438202,-1.281002,
	     -0.452395,62.738201,-1.199502,
	     -0.713145,57.438202,-1.222003,
	     0.000005,62.738201,-1.336750,
	     -0.521494,46.838203,-1.482502,
	     -0.260744,52.138203,-1.460001,
	     -0.521495,52.138203,-1.381752,
	     0.191655,68.038200,-1.176999,
	     0.766604,68.038200,-0.999997,
	     0.574954,68.038200,-1.058998,
	     0.574955,62.738201,-1.159748,
	     0.383305,57.438202,-1.319499,
	     0.383305,62.738201,-1.218749,
	     0.191656,57.438202,-1.378499,
	     0.835704,62.738201,-1.081497,
	     0.521506,46.838203,-1.482498,
	     0.713155,52.138203,-1.322747,
	     0.452406,52.138203,-1.400998,
	     0.884953,68.038200,-0.845472,
	     1.240002,68.038200,-0.381895,
	     1.121652,68.038200,-0.536421,
	     1.190753,62.738201,-0.617920,
	     1.141503,57.438202,-0.853945,
	     1.072403,62.738201,-0.772446,
	     1.023154,57.438202,-1.008471,
	     1.352002,62.738201,-0.413070,
	     1.365504,46.838203,-0.916295,
	     1.414753,52.138203,-0.680269,
	     1.253503,52.138203,-0.885120,
	     1.240001,68.038200,-0.190945,
	     1.239998,68.038200,0.381905,
	     1.239999,68.038200,0.190955,
	     1.351999,62.738201,0.159780,
	     1.464000,57.438202,-0.062344,
	     1.352000,62.738201,-0.031170,
	     1.464001,57.438202,-0.253294,
	     1.351998,62.738201,0.413080,
	     1.688000,46.838203,0.000007,
	     1.575999,52.138203,0.222131,
	     1.576000,52.138203,-0.031169,
	     1.121648,68.038200,0.536430,
	     0.766596,68.038200,1.000003,
	     0.884947,68.038200,0.845479,
	     0.996946,62.738201,0.876654,
	     1.227297,57.438202,0.753305,
	     1.115297,62.738201,0.722129,
	     1.345648,57.438202,0.598780,
	     0.835696,62.738201,1.081503,
	     1.365496,46.838203,0.916305,
	     1.135146,52.138203,1.039654,
	     1.296397,52.138203,0.834805,
	     0.574946,68.038200,1.059002,
	     0.191645,68.038200,1.177001,
	     0.260745,62.738201,1.258501,
	     0.521495,57.438202,1.281002,
	     0.452395,62.738201,1.199502,
	     0.713145,57.438202,1.222003,
	     0.521494,46.838203,1.482502,
	     0.260744,52.138203,1.460001,
	     0.521495,52.138203,1.381752,
	     -0.766604,68.038200,0.999997,
	     -0.574953,68.038200,0.749998,
	     -0.574954,68.038200,1.058998,
	     -0.000005,68.038200,1.236000,
	     -0.191655,68.038200,1.176999,
	     -0.000004,68.038200,0.927000,
	     -0.000002,68.038200,0.618000,
	     -0.191653,68.038200,0.867999,
	     -0.191652,68.038200,0.558999,
	     -1.240002,68.038200,0.381895,
	     -0.930001,68.038200,0.286421,
	     -1.121652,68.038200,0.536421,
	     -0.884953,68.038200,0.845472,
	     -0.383302,68.038200,0.499998,
	     -0.693302,68.038200,0.595472,
	     -0.501651,68.038200,0.345473,
	     -1.239998,68.038200,-0.381905,
	     -0.929999,68.038200,-0.286429,
	     -1.239999,68.038200,-0.190955,
	     -1.240001,68.038200,0.190945,
	     -0.620001,68.038200,0.190948,
	     -0.930000,68.038200,0.095471,
	     -0.620000,68.038200,-0.000002,
	     -0.766596,68.038200,-1.000003,
	     -0.574947,68.038200,-0.750002,
	     -0.884947,68.038200,-0.845479,
	     -1.121648,68.038200,-0.536430,
	     -0.619999,68.038200,-0.190952,
	     -0.811648,68.038200,-0.440953,
	     -0.501649,68.038200,-0.345477,
	     0.000005,68.038200,-1.236000,
	     0.000004,68.038200,-0.927000,
	     -0.191645,68.038200,-1.177001,
	     -0.574946,68.038200,-1.059002,
	     -0.383298,68.038200,-0.500002,
	     -0.383297,68.038200,-0.809002,
	     -0.191648,68.038200,-0.559001,
	     0.766604,68.038200,-0.999997,
	     0.574953,68.038200,-0.749998,
	     0.574954,68.038200,-1.058998,
	     0.191655,68.038200,-1.176999,
	     0.000002,68.038200,-0.618000,
	     0.191653,68.038200,-0.867999,
	     0.191652,68.038200,-0.558999,
	     1.240002,68.038200,-0.381895,
	     0.930001,68.038200,-0.286421,
	     1.121652,68.038200,-0.536421,
	     0.884953,68.038200,-0.845472,
	     0.383302,68.038200,-0.499998,
	     0.693302,68.038200,-0.595472,
	     0.501651,68.038200,-0.345473,
	     1.239998,68.038200,0.381905,
	     0.929999,68.038200,0.286429,
	     1.239999,68.038200,0.190955,
	     1.240001,68.038200,-0.190945,
	     0.620001,68.038200,-0.190948,
	     0.930000,68.038200,-0.095471,
	     0.620000,68.038200,0.000002,
	     0.766596,68.038200,1.000003,
	     0.574947,68.038200,0.750002,
	     0.884947,68.038200,0.845479,
	     1.121648,68.038200,0.536430,
	     0.619999,68.038200,0.190952,
	     0.811648,68.038200,0.440953,
	     0.501649,68.038200,0.345477,
	     0.191645,68.038200,1.177001,
	     0.574946,68.038200,1.059002,
	     0.383298,68.038200,0.500002,
	     0.383297,68.038200,0.809002,
	     0.191648,68.038200,0.559001,
	     -0.000009,9.698198,2.198500,
	     -1.361007,9.698198,1.778495,
	     -2.202003,9.698198,0.679341,
	     -2.201997,9.698198,-0.679359,
	     -1.360993,9.698198,-1.778505,
	     0.000009,9.698198,-2.198500,
	     1.361007,9.698198,-1.778495,
	     2.202003,9.698198,-0.679341,
	     2.201997,9.698198,0.679359,
	     1.360993,9.698198,1.778505,
	     -0.000008,36.238201,1.883000,
	     -1.182506,36.238201,1.523495,
	     -1.913002,36.238201,0.581892,
	     -1.912998,36.238201,-0.581908,
	     -1.182494,36.238201,-1.523505,
	     0.000008,36.238201,-1.883000,
	     1.182506,36.238201,-1.523495,
	     1.913002,36.238201,-0.581892,
	     1.912998,36.238201,0.581908,
	     1.182494,36.238201,1.523505,
	     -0.000006,57.438202,1.437500,
	     -0.904805,57.438202,1.162996,
	     -1.464002,57.438202,0.444244,
	     -1.463998,57.438202,-0.444256,
	     -0.904795,57.438202,-1.163004,
	     0.000006,57.438202,-1.437500,
	     0.904805,57.438202,-1.162996,
	     1.464002,57.438202,-0.444244,
	     1.463998,57.438202,0.444256,
	     0.904795,57.438202,1.163004,
	     -0.330508,17.668198,2.061249,
	     -1.011008,9.698198,1.886996,
	     -1.545506,17.668198,1.483794,
	     -1.985504,9.698198,0.962967,
	     -2.170002,17.668198,0.339666,
	     -2.201999,9.698198,-0.328609,
	     -1.965996,17.668198,-0.934233,
	     -1.577494,9.698198,-1.494881,
	     -1.010993,17.668198,-1.851254,
	     -0.349992,9.698198,-2.090002,
	     0.330508,17.668198,-2.061249,
	     1.011008,9.698198,-1.886996,
	     1.545506,17.668198,-1.483794,
	     1.985504,9.698198,-0.962967,
	     2.170002,17.668198,-0.339666,
	     2.201999,9.698198,0.328609,
	     1.965996,17.668198,0.934233,
	     1.577494,9.698198,1.494881,
	     1.010993,17.668198,1.851254,
	     0.349992,9.698198,2.090002,
	     -0.260757,41.538200,1.682749,
	     -0.852006,36.238201,1.624997,
	     -1.274005,41.538200,1.219895,
	     -1.709003,36.238201,0.847843,
	     -1.800501,41.538200,0.290943,
	     -1.912999,36.238201,-0.253308,
	     -1.639247,41.538200,-0.749107,
	     -1.386495,36.238201,-1.257555,
	     -0.851994,41.538200,-1.503003,
	     -0.330493,36.238201,-1.781501,
	     0.260757,41.538200,-1.682749,
	     0.852006,36.238201,-1.624997,
	     1.274005,41.538200,-1.219895,
	     1.709003,36.238201,-0.847843,
	     1.800501,41.538200,-0.290943,
	     1.912999,36.238201,0.253308,
	     1.639247,41.538200,0.749107,
	     1.386495,36.238201,1.257555,
	     0.851994,41.538200,1.503003,
	     0.330493,36.238201,1.781501,
	     -0.383304,68.038200,1.117998,
	     -0.191655,62.738201,1.277749,
	     -0.644055,57.438202,1.241247,
	     -1.003303,68.038200,0.690946,
	     -0.954054,62.738201,0.926971,
	     -1.302752,57.438202,0.649095,
	     -1.240000,68.038200,-0.000005,
	     -1.352001,62.738201,0.222120,
	     -1.463999,57.438202,-0.190956,
	     -1.003297,68.038200,-0.690954,
	     -1.233648,62.738201,-0.567605,
	     -1.066046,57.438202,-0.958154,
	     -0.383296,68.038200,-1.118001,
	     -0.644045,62.738201,-1.140503,
	     -0.260745,57.438202,-1.359251,
	     0.383304,68.038200,-1.117998,
	     0.191655,62.738201,-1.277749,
	     0.644055,57.438202,-1.241247,
	     1.003303,68.038200,-0.690946,
	     0.954054,62.738201,-0.926971,
	     1.302752,57.438202,-0.649095,
	     1.240000,68.038200,0.000005,
	     1.352001,62.738201,-0.222120,
	     1.463999,57.438202,0.190956,
	     1.003297,68.038200,0.690954,
	     1.233648,62.738201,0.567605,
	     1.066046,57.438202,0.958154,
	     0.383296,68.038200,1.118001,
	     0.644045,62.738201,1.140503,
	     0.260745,57.438202,1.359251,
	     -0.383304,68.038200,1.117998,
	     -0.383303,68.038200,0.808998,
	     -1.003303,68.038200,0.690946,
	     -0.811652,68.038200,0.440947,
	     -1.240000,68.038200,-0.000005,
	     -0.930000,68.038200,-0.095479,
	     -1.003297,68.038200,-0.690954,
	     -0.693298,68.038200,-0.595478,
	     -0.383296,68.038200,-1.118001,
	     -0.191647,68.038200,-0.868001,
	     0.383304,68.038200,-1.117998,
	     0.383303,68.038200,-0.808998,
	     1.003303,68.038200,-0.690946,
	     0.811652,68.038200,-0.440947,
	     1.240000,68.038200,0.000005,
	     0.930000,68.038200,0.095479,
	     1.003297,68.038200,0.690954,
	     0.693298,68.038200,0.595478,
	     0.383296,68.038200,1.118001,
	     0.191647,68.038200,0.868001,

Normals:
	      -0.101896,0.004422,0.994785,
	      -0.218714,0.006695,0.951616,
	      -0.076042,0.006736,0.996065,
	      -0.240317,0.004390,0.934867,
	      -0.655582,0.004293,0.755111,
	      -0.728436,0.006555,0.646576,
	      -0.633979,0.006598,0.771861,
	      -0.735994,0.004275,0.619371,
	      -0.977228,0.004218,0.212149,
	      -0.969472,0.006516,0.078288,
	      -0.969670,0.006498,0.239354,
	      -0.959213,0.004229,0.052853,
	      -0.905166,0.004260,-0.425037,
	      -0.821370,0.006596,-0.524164,
	      -0.915425,0.006547,-0.399602,
	      -0.799335,0.004290,-0.537840,
	      -0.481842,0.004380,-0.876247,
	      -0.361761,0.006704,-0.907162,
	      -0.503877,0.006687,-0.862572,
	      -0.335907,0.004390,-0.905882,
	      0.101896,0.004422,-0.994785,
	      0.218714,0.006695,-0.951616,
	      0.076042,0.006736,-0.996065,
	      0.240317,0.004390,-0.934867,
	      0.655582,0.004293,-0.755111,
	      0.728436,0.006555,-0.646576,
	      0.633979,0.006598,-0.771861,
	      0.735994,0.004275,-0.619371,
	      0.977228,0.004218,-0.212149,
	      0.969472,0.006516,-0.078288,
	      0.969670,0.006498,-0.239354,
	      0.959213,0.004229,-0.052853,
	      0.905166,0.004260,0.425037,
	      0.821370,0.006596,0.524164,
	      0.915425,0.006547,0.399602,
	      0.799335,0.004290,0.537840,
	      0.481842,0.004380,0.876247,
	      0.361761,0.006704,0.907162,
	      0.503877,0.006687,0.862572,
	      0.335907,0.004390,0.905882,
	      0.001518,0.013675,0.999905,
	      -0.140200,0.015676,0.956070,
	      0.001109,0.015502,0.999874,
	      -0.141153,0.013635,0.955456,
	      -0.569168,0.013512,0.822110,
	      -0.663219,0.015718,0.697889,
	      -0.568215,0.015554,0.822724,
	      -0.663625,0.013468,0.696825,
	      -0.946996,0.013338,0.320968,
	      -0.946601,0.015500,0.159446,
	      -0.946590,0.015588,0.322033,
	      -0.946798,0.013356,0.159902,
	      -0.946203,0.013409,-0.323297,
	      -0.850987,0.015344,-0.448619,
	      -0.946006,0.015553,-0.323753,
	      -0.852147,0.013458,-0.447859,
	      -0.569981,0.013607,-0.821545,
	      -0.427456,0.015451,-0.866104,
	      -0.568821,0.015492,-0.822305,
	      -0.427865,0.013624,-0.866135,
	      -0.001518,0.013675,-0.999905,
	      0.140200,0.015676,-0.956070,
	      -0.001109,0.015502,-0.999874,
	      0.141153,0.013635,-0.955456,
	      0.569168,0.013512,-0.822110,
	      0.663219,0.015718,-0.697889,
	      0.568215,0.015554,-0.822724,
	      0.663625,0.013468,-0.696825,
	      0.946996,0.013338,-0.320968,
	      0.946601,0.015500,-0.159446,
	      0.946590,0.015588,-0.322033,
	      0.946798,0.013356,-0.159902,
	      0.946203,0.013409,0.323297,
	      0.850987,0.015344,0.448619,
	      0.946006,0.015553,0.323753,
	      0.852147,0.013458,0.447859,
	      0.569981,0.013607,0.821545,
	      0.427456,0.015451,0.866104,
	      0.568821,0.015492,0.822305,
	      0.427865,0.013624,0.866135,
	      -0.000120,0.020983,0.999780,
	      -0.119790,0.020641,0.969261,
	      0.024824,0.020497,0.998545,
	      -0.141428,0.021157,0.955976,
	      -0.565353,0.021679,0.824564,
	      -0.649741,0.021604,0.725750,
	      -0.543715,0.021162,0.837849,
	      -0.660358,0.021844,0.699729,
	      -0.945373,0.022337,0.325226,
	      -0.953252,0.022227,0.190767,
	      -0.934756,0.022097,0.351247,
	      -0.945384,0.022249,0.162639,
	      -0.945416,0.021985,-0.325122,
	      -0.871892,0.021584,-0.433474,
	      -0.953285,0.021962,-0.296994,
	      -0.850398,0.021776,-0.449988,
	      -0.565342,0.021148,-0.824586,
	      -0.448920,0.020621,-0.867149,
	      -0.586836,0.020957,-0.808072,
	      -0.423976,0.021107,-0.868384,
	      0.000120,0.020983,-0.999780,
	      0.119790,0.020641,-0.969261,
	      -0.024824,0.020497,-0.998545,
	      0.141428,0.021157,-0.955976,
	      0.565353,0.021679,-0.824564,
	      0.649741,0.021604,-0.725750,
	      0.543715,0.021162,-0.837849,
	      0.660358,0.021844,-0.699729,
	      0.945373,0.022337,-0.325226,
	      0.953252,0.022227,-0.190767,
	      0.934756,0.022097,-0.351247,
	      0.945384,0.022249,-0.162639,
	      0.945416,0.021985,0.325122,
	      0.871892,0.021584,0.433474,
	      0.953285,0.021962,0.296994,
	      0.850398,0.021776,0.449988,
	      0.565342,0.021148,0.824586,
	      0.448920,0.020621,0.867149,
	      0.586836,0.020957,0.808072,
	      0.423976,0.021107,0.868384,
	      0.000000,1.000000,0.000000,
	      0.000000,1.000000,0.000000,
	      0.000000,1.000000,0.000000,
	      0.000000,1.000000,0.000000,
	      0.000000,1.000000,0.000000,
	      0.000000,1.000000,0.000000,
	      0.000000,1.000000,0.000000,
	      0.000000,1.000000,0.000000,
	      0.000000,1.000000,0.000000,
	      0.000000,1.000000,0.000000,
	      0.000000,1.000000,0.000000,
	      -0.024335,0.011362,0.998625,
	      -0.426497,0.013553,0.866559,
	      -0.452350,0.011240,0.865279,
	      -0.335532,0.008967,0.908448,
	      -0.309679,0.011280,0.909728,
	      -0.192860,0.009008,0.952896,
	      -0.590772,0.011207,0.805360,
	      -0.517161,0.004326,0.815030,
	      -0.378739,0.004358,0.874948,
	      -0.495557,0.006630,0.831779,
	      -0.357136,0.006663,0.891698,
	      -0.852539,0.013381,0.446254,
	      -0.874143,0.011077,0.429504,
	      -0.801289,0.008816,0.538040,
	      -0.779686,0.011120,0.554789,
	      -0.706832,0.008859,0.663325,
	      -0.954554,0.011058,0.293763,
	      -0.896817,0.004237,0.347890,
	      -0.816405,0.004256,0.483630,
	      -0.889259,0.006517,0.375094,
	      -0.808847,0.006536,0.510835,
	      -0.946401,0.013391,-0.162231,
	      -0.953959,0.011111,-0.189436,
	      -0.961715,0.008814,-0.055574,
	      -0.954157,0.011093,-0.028369,
	      -0.961914,0.008796,0.105492,
	      -0.935943,0.011121,-0.348732,
	      -0.923181,0.004249,-0.265741,
	      -0.941197,0.004239,-0.106444,
	      -0.933441,0.006537,-0.240306,
	      -0.951456,0.006526,-0.081009,
	      -0.664036,0.013558,-0.696983,
	      -0.653777,0.011270,-0.722418,
	      -0.737573,0.008933,-0.623291,
	      -0.747833,0.011221,-0.597856,
	      -0.831629,0.008884,-0.498729,
	      -0.547946,0.011300,-0.835221,
	      -0.587673,0.004350,-0.763445,
	      -0.693504,0.004320,-0.650642,
	      -0.609708,0.006656,-0.749769,
	      -0.715539,0.006626,-0.636967,
	      -0.143634,0.013658,-0.955315,
	      -0.121599,0.011352,-0.968991,
	      -0.241680,0.009028,-0.938076,
	      -0.263715,0.011334,-0.924401,
	      -0.383796,0.009010,-0.893486,
	      0.024335,0.011362,-0.998625,
	      -0.044039,0.004412,-0.965151,
	      -0.189973,0.004401,-0.935516,
	      -0.069892,0.006725,-0.966431,
	      -0.215826,0.006714,-0.936796,
	      0.426497,0.013553,-0.866559,
	      0.452350,0.011240,-0.865279,
	      0.335532,0.008967,-0.908448,
	      0.309679,0.011280,-0.909728,
	      0.192860,0.009008,-0.952896,
	      0.590772,0.011207,-0.805360,
	      0.517161,0.004326,-0.815030,
	      0.378739,0.004358,-0.874948,
	      0.495557,0.006630,-0.831779,
	      0.357136,0.006663,-0.891698,
	      0.852539,0.013381,-0.446254,
	      0.874143,0.011077,-0.429504,
	      0.801289,0.008816,-0.538040,
	      0.779686,0.011120,-0.554789,
	      0.706832,0.008859,-0.663325,
	      0.954554,0.011058,-0.293763,
	      0.896817,0.004237,-0.347890,
	      0.816405,0.004256,-0.483630,
	      0.889259,0.006517,-0.375094,
	      0.808847,0.006536,-0.510835,
	      0.946401,0.013391,0.162231,
	      0.953959,0.011111,0.189436,
	      0.961715,0.008814,0.055574,
	      0.954157,0.011093,0.028369,
	      0.961914,0.008796,-0.105492,
	      0.935943,0.011121,0.348732,
	      0.923181,0.004249,0.265741,
	      0.941197,0.004239,0.106444,
	      0.933441,0.006537,0.240306,
	      0.951456,0.006526,0.081009,
	      0.664036,0.013558,0.696983,
	      0.653777,0.011270,0.722418,
	      0.737573,0.008933,0.623291,
	      0.747833,0.011221,0.597856,
	      0.831629,0.008884,0.498729,
	      0.547946,0.011300,0.835221,
	      0.587673,0.004350,0.763445,
	      0.693504,0.004320,0.650642,
	      0.609708,0.006656,0.749769,
	      0.715539,0.006626,0.636967,
	      0.143634,0.013658,0.955315,
	      0.121599,0.011352,0.968991,
	      0.241680,0.009028,0.938076,
	      0.263715,0.011334,0.924401,
	      0.383796,0.009010,0.893486,
	      0.044039,0.004412,0.965151,
	      0.189973,0.004401,0.935516,
	      0.069892,0.006725,0.966431,
	      0.215826,0.006714,0.936796,
	      0.000289,0.019156,0.999811,
	      -0.424045,0.021505,0.868368,
	      -0.423635,0.019678,0.868399,
	      -0.281918,0.017677,0.912235,
	      -0.282327,0.019504,0.912203,
	      -0.140609,0.017503,0.956039,
	      -0.566307,0.019637,0.823950,
	      -0.283825,0.013594,0.911008,
	      -0.425543,0.015595,0.867172,
	      -0.282871,0.015635,0.911621,
	      -0.850368,0.022173,0.450060,
	      -0.851322,0.020131,0.449447,
	      -0.757270,0.017925,0.573668,
	      -0.756317,0.019966,0.574281,
	      -0.662266,0.017760,0.698502,
	      -0.945778,0.020088,0.324161,
	      -0.758082,0.013425,0.571539,
	      -0.852133,0.015631,0.447318,
	      -0.757676,0.015675,0.572604,
	      -0.945405,0.022073,-0.162535,
	      -0.945811,0.019823,-0.163600,
	      -0.946206,0.017661,-0.002077,
	      -0.945800,0.019911,-0.001013,
	      -0.946195,0.017749,0.160510,
	      -0.945613,0.019841,-0.324666,
	      -0.946599,0.013373,-0.001164,
	      -0.946204,0.015535,-0.162687,
	      -0.946403,0.015517,-0.001621,
	      -0.660360,0.021357,-0.699720,
	      -0.660557,0.019213,-0.699264,
	      -0.755772,0.017279,-0.573941,
	      -0.755576,0.019423,-0.574398,
	      -0.850791,0.017488,-0.449075,
	      -0.566501,0.019263,-0.823826,
	      -0.758092,0.013508,-0.572421,
	      -0.662876,0.015443,-0.697743,
	      -0.756932,0.015393,-0.573181,
	      -0.141245,0.021025,-0.955981,
	      -0.142405,0.019139,-0.955221,
	      -0.284930,0.017295,-0.910663,
	      -0.283771,0.019181,-0.911423,
	      -0.426296,0.017337,-0.866864,
	      -0.000289,0.019156,-0.999811,
	      -0.285750,0.013641,-0.910725,
	      -0.143224,0.015485,-0.955284,
	      -0.285340,0.015468,-0.910694,
	      0.424045,0.021505,-0.868368,
	      0.423635,0.019678,-0.868399,
	      0.281918,0.017677,-0.912235,
	      0.282327,0.019504,-0.912203,
	      0.140609,0.017503,-0.956039,
	      0.566307,0.019637,-0.823950,
	      0.283825,0.013594,-0.911008,
	      0.425543,0.015595,-0.867172,
	      0.282871,0.015636,-0.911621,
	      0.850368,0.022173,-0.450060,
	      0.851322,0.020131,-0.449447,
	      0.757270,0.017925,-0.573668,
	      0.756317,0.019966,-0.574281,
	      0.662266,0.017760,-0.698502,
	      0.945778,0.020088,-0.324161,
	      0.758082,0.013425,-0.571539,
	      0.852133,0.015631,-0.447318,
	      0.757676,0.015675,-0.572604,
	      0.945405,0.022073,0.162535,
	      0.945811,0.019823,0.163600,
	      0.946206,0.017661,0.002077,
	      0.945800,0.019911,0.001013,
	      0.946195,0.017749,-0.160510,
	      0.945613,0.019841,0.324666,
	      0.946599,0.013373,0.001164,
	      0.946204,0.015535,0.162687,
	      0.946403,0.015517,0.001621,
	      0.660360,0.021357,0.699720,
	      0.660557,0.019213,0.699264,
	      0.755772,0.017279,0.573941,
	      0.755576,0.019423,0.574398,
	      0.850791,0.017488,0.449075,
	      0.566501,0.019263,0.823826,
	      0.758092,0.013508,0.572421,
	      0.662876,0.015443,0.697743,
	      0.756932,0.015393,0.573181,
	      0.141245,0.021025,0.955981,
	      0.142405,0.019139,0.955221,
	      0.284930,0.017295,0.910663,
	      0.283771,0.019181,0.911423,
	      0.426296,0.017337,0.866864,
	      0.285750,0.013641,0.910725,
	      0.143224,0.015485,0.955284,
	      0.285340,0.015468,0.910694,
	      0.099655,0.019038,0.994840,
	      0.074711,0.019524,0.996075,
	      -0.044959,0.019181,0.965556,
	      -0.478801,0.019612,0.877704,
	      -0.334187,0.019469,0.906988,
	      -0.359131,0.019955,0.908223,
	      -0.239460,0.020298,0.938742,
	      -0.214517,0.019811,0.937507,
	      -0.094847,0.020154,0.968026,
	      -0.500439,0.020129,0.864419,
	      -0.282737,0.021331,0.912172,
	      -0.402407,0.020988,0.881653,
	      -0.261099,0.020815,0.925457,
	      -0.584827,0.020053,0.765606,
	      -0.902905,0.021377,0.429309,
	      -0.796879,0.020936,0.541408,
	      -0.818517,0.021453,0.528123,
	      -0.734129,0.021528,0.626936,
	      -0.712491,0.021011,0.640222,
	      -0.628103,0.021087,0.739035,
	      -0.913522,0.021617,0.403288,
	      -0.755363,0.022008,0.574895,
	      -0.839751,0.021933,0.476081,
	      -0.744746,0.021768,0.600916,
	      -0.921401,0.021506,0.268829,
	      -0.976892,0.021894,-0.212611,
	      -0.958395,0.021765,-0.052131,
	      -0.969012,0.022005,-0.078152,
	      -0.961132,0.022116,0.056308,
	      -0.950515,0.021876,0.082328,
	      -0.942635,0.021987,0.216787,
	      -0.969023,0.021917,-0.240739,
	      -0.945395,0.022161,0.000052,
	      -0.953274,0.022050,-0.134407,
	      -0.953263,0.022138,0.028180,
	      -0.895499,0.021516,-0.349090,
	      -0.651320,0.020383,-0.758529,
	      -0.732713,0.020761,-0.622050,
	      -0.724844,0.020783,-0.650178,
	      -0.798368,0.021184,-0.541826,
	      -0.806237,0.021161,-0.513698,
	      -0.879761,0.021562,-0.405346,
	      -0.629825,0.020574,-0.775043,
	      -0.755379,0.021566,-0.574854,
	      -0.681855,0.021166,-0.683206,
	      -0.776874,0.021375,-0.558340,
	      -0.513404,0.020046,-0.817607,
	      -0.099655,0.019038,-0.994840,
	      -0.237571,0.019374,-0.935762,
	      -0.216076,0.019565,-0.952276,
	      -0.332498,0.020093,-0.909713,
	      -0.353993,0.019902,-0.893199,
	      -0.470414,0.020429,-0.850635,
	      -0.074711,0.019524,-0.996075,
	      -0.282611,0.021066,-0.912183,
	      -0.166189,0.020538,-0.954746,
	      -0.307554,0.020579,-0.910948,
	      0.044959,0.019181,-0.965556,
	      0.478801,0.019612,-0.877704,
	      0.334187,0.019469,-0.906988,
	      0.359131,0.019955,-0.908223,
	      0.239460,0.020298,-0.938742,
	      0.214517,0.019811,-0.937507,
	      0.094847,0.020154,-0.968026,
	      0.500439,0.020129,-0.864419,
	      0.282737,0.021331,-0.912172,
	      0.402407,0.020988,-0.881653,
	      0.261099,0.020815,-0.925457,
	      0.584827,0.020053,-0.765606,
	      0.902905,0.021377,-0.429309,
	      0.796879,0.020936,-0.541408,
	      0.818517,0.021453,-0.528123,
	      0.734129,0.021528,-0.626936,
	      0.712491,0.021011,-0.640222,
	      0.628103,0.021087,-0.739035,
	      0.913522,0.021617,-0.403288,
	      0.755363,0.022008,-0.574895,
	      0.839751,0.021933,-0.476081,
	      0.744746,0.021768,-0.600916,
	      0.921401,0.021506,-0.268829,
	      0.976892,0.021894,0.212611,
	      0.958395,0.021765,0.052131,
	      0.969012,0.022005,0.078152,
	      0.961132,0.022116,-0.056308,
	      0.950515,0.021876,-0.082328,
	      0.942635,0.021987,-0.216787,
	      0.969023,0.021917,0.240739,
	      0.945395,0.022161,-0.000052,
	      0.953274,0.022050,0.134407,
	      0.953263,0.022138,-0.028180,
	      0.895499,0.021516,0.349090,
	      0.651320,0.020383,0.758529,
	      0.732713,0.020761,0.622050,
	      0.724844,0.020783,0.650178,
	      0.798368,0.021184,0.541826,
	      0.806237,0.021161,0.513698,
	      0.879761,0.021562,0.405346,
	      0.629825,0.020574,0.775043,
	      0.755379,0.021566,0.574854,
	      0.681855,0.021166,0.683206,
	      0.776874,0.021375,0.558340,
	      0.513404,0.020046,0.817607,
	      0.237571,0.019374,0.935762,
	      0.216076,0.019565,0.952276,
	      0.332498,0.020093,0.909713,
	      0.353993,0.019902,0.893199,
	      0.470414,0.020429,0.850635,
	      0.282611,0.021066,0.912183,
	      0.166189,0.020538,0.954746,
	      0.307554,0.020579,0.910948,
	      0.000000,1.000000,0.000000,
	      0.000000,1.000000,0.000000,
	      0.000000,1.000000,0.000000,
	      0.000000,1.000000,0.000000,
	      0.000000,1.000000,0.000000,
	      0.000000,1.000000,0.000000,
	      0.000000,1.000000,0.000000,
	      0.000000,1.000000,0.000000,
	      0.000000,1.000000,0.000000,
	      0.000000,1.000000,0.000000,
	      0.000000,1.000000,0.000000,
	      0.000000,1.000000,0.000000,
	      0.000000,1.000000,0.000000,
	      0.000000,1.000000,0.000000,
	      0.000000,1.000000,0.000000,
	      0.000000,1.000000,0.000000,
	      0.000000,1.000000,0.000000,
	      0.000000,1.000000,0.000000,
	      0.000000,1.000000,0.000000,
	      0.000000,1.000000,0.000000,
	      0.000000,1.000000,0.000000,
	      0.000000,1.000000,0.000000,
	      0.000000,1.000000,0.000000,
	      0.000000,1.000000,0.000000,
	      0.000000,1.000000,0.000000,
	      0.000000,1.000000,0.000000,
	      0.000000,1.000000,0.000000,
	      0.000000,1.000000,0.000000,
	      0.000000,1.000000,0.000000,
	      0.000000,1.000000,0.000000,
	      0.000000,1.000000,0.000000,
	      0.000000,1.000000,0.000000,
	      0.000000,1.000000,0.000000,
	      0.000000,1.000000,0.000000,
	      0.000000,1.000000,0.000000,
	      0.000000,1.000000,0.000000,
	      0.000000,1.000000,0.000000,
	      0.000000,1.000000,0.000000,
	      0.000000,1.000000,0.000000,
	      0.000000,1.000000,0.000000,
	      0.000000,1.000000,0.000000,
	      0.000000,1.000000,0.000000,
	      0.000000,1.000000,0.000000,
	      0.000000,1.000000,0.000000,
	      0.000000,1.000000,0.000000,
	      0.000000,1.000000,0.000000,
	      0.000000,1.000000,0.000000,
	      0.000000,1.000000,0.000000,
	      0.000000,1.000000,0.000000,
	      0.000000,1.000000,0.000000,
	      0.000000,1.000000,0.000000,
	      0.000000,1.000000,0.000000,
	      0.000000,1.000000,0.000000,
	      0.000000,1.000000,0.000000,
	      0.000000,1.000000,0.000000,
	      0.000000,1.000000,0.000000,
	      0.000000,1.000000,0.000000,
	      0.000000,1.000000,0.000000,
	      0.000000,1.000000,0.000000,
	      0.000000,1.000000,0.000000,
	      0.000000,1.000000,0.000000,
	      0.000000,1.000000,0.000000,
	      0.000000,1.000000,0.000000,
	      0.000000,1.000000,0.000000,
	      0.000000,1.000000,0.000000,
	      0.000000,1.000000,0.000000,
	      0.000000,1.000000,0.000000,
	      0.000000,1.000000,0.000000,
	      0.000000,1.000000,0.000000,
	      0.000000,1.000000,0.000000,
	      -0.050189,0.009049,0.997345,
	      -0.612375,0.008903,0.788611,
	      -0.962112,0.008778,0.266559,
	      -0.925684,0.008834,-0.374167,
	      -0.525911,0.008993,-0.848896,
	      0.050189,0.009049,-0.997345,
	      0.612375,0.008903,-0.788611,
	      0.962112,0.008778,-0.266559,
	      0.925684,0.008834,0.374167,
	      0.525911,0.008993,0.848896,
	      0.000699,0.017329,0.999843,
	      -0.567261,0.017596,0.823337,
	      -0.946184,0.017838,0.323097,
	      -0.945809,0.017697,-0.324210,
	      -0.567661,0.017378,-0.823065,
	      -0.000699,0.017329,-0.999843,
	      0.567261,0.017596,-0.823337,
	      0.946184,0.017838,-0.323097,
	      0.945809,0.017697,0.324210,
	      0.567661,0.017378,0.823065,
	      0.049767,0.020011,0.997310,
	      -0.522077,0.020646,0.851134,
	      -0.924139,0.021857,0.377267,
	      -0.961154,0.021939,-0.268866,
	      -0.608331,0.020766,-0.791557,
	      -0.049767,0.020011,-0.997310,
	      0.522077,0.020646,-0.851134,
	      0.924139,0.021857,-0.377267,
	      0.961154,0.021939,0.268866,
	      0.608331,0.020766,0.791557,
	      -0.167007,0.011321,0.954176,
	      -0.473954,0.008935,0.848529,
	      -0.685229,0.011164,0.680075,
	      -0.881701,0.008797,0.402299,
	      -0.954356,0.011076,0.132697,
	      -0.943700,0.008824,-0.214871,
	      -0.841888,0.011171,-0.473294,
	      -0.631742,0.008963,-0.736094,
	      -0.405830,0.011317,-0.879811,
	      -0.095746,0.009038,-0.967711,
	      0.167007,0.011321,-0.954176,
	      0.473954,0.008935,-0.848529,
	      0.685229,0.011164,-0.680075,
	      0.881701,0.008797,-0.402299,
	      0.954356,0.011076,-0.132697,
	      0.943700,0.008824,0.214871,
	      0.841888,0.011171,0.473294,
	      0.631742,0.008963,0.736094,
	      0.405830,0.011317,0.879811,
	      0.095746,0.009038,0.967711,
	      -0.141019,0.019330,0.956007,
	      -0.424589,0.017636,0.867786,
	      -0.661312,0.019802,0.699116,
	      -0.851727,0.017881,0.448382,
	      -0.945789,0.019999,0.161574,
	      -0.946008,0.017679,-0.163143,
	      -0.850594,0.019632,-0.449532,
	      -0.661717,0.017328,-0.698503,
	      -0.425136,0.019222,-0.867624,
	      -0.142815,0.017312,-0.955253,
	      0.141019,0.019330,-0.956007,
	      0.424589,0.017636,-0.867786,
	      0.661312,0.019802,-0.699116,
	      0.851727,0.017881,-0.448382,
	      0.945789,0.019999,-0.161574,
	      0.946008,0.017679,0.163143,
	      0.850594,0.019632,0.449532,
	      0.661717,0.017328,0.698503,
	      0.425136,0.019222,0.867624,
	      0.142815,0.017312,0.955253,
	      -0.189573,0.019325,0.936272,
	      -0.069903,0.019668,0.966791,
	      -0.380769,0.020472,0.894938,
	      -0.690853,0.020495,0.653507,
	      -0.606465,0.020570,0.752320,
	      -0.829134,0.021693,0.502102,
	      -0.939898,0.021636,0.108349,
	      -0.932018,0.021746,0.242808,
	      -0.961143,0.022028,-0.106279,
	      -0.814106,0.021139,-0.485570,
	      -0.887630,0.021539,-0.377218,
	      -0.703350,0.020975,-0.666692,
	      -0.375487,0.019710,-0.876685,
	      -0.491909,0.020238,-0.834121,
	      -0.191133,0.020052,-0.953511,
	      0.189573,0.019325,-0.936272,
	      0.069903,0.019668,-0.966791,
	      0.380769,0.020472,-0.894938,
	      0.690853,0.020495,-0.653507,
	      0.606465,0.020570,-0.752320,
	      0.829134,0.021693,-0.502102,
	      0.939898,0.021636,-0.108349,
	      0.932018,0.021746,-0.242808,
	      0.961143,0.022028,0.106279,
	      0.814106,0.021139,0.485570,
	      0.887630,0.021539,0.377218,
	      0.703350,0.020975,0.666692,
	      0.375487,0.019710,0.876685,
	      0.491909,0.020238,0.834121,
	      0.191133,0.020052,0.953511,
	      0.000000,1.000000,0.000000,
	      0.000000,1.000000,0.000000,
	      0.000000,1.000000,0.000000,
	      0.000000,1.000000,0.000000,
	      0.000000,1.000000,0.000000,
	      0.000000,1.000000,0.000000,
	      0.000000,1.000000,0.000000,
	      0.000000,1.000000,0.000000,
	      0.000000,1.000000,0.000000,
	      0.000000,1.000000,0.000000,
	      0.000000,1.000000,0.000000,
	      0.000000,1.000000,0.000000,
	      0.000000,1.000000,0.000000,
	      0.000000,1.000000,0.000000,
	      0.000000,1.000000,0.000000,
	      0.000000,1.000000,0.000000,
	      0.000000,1.000000,0.000000,
	      0.000000,1.000000,0.000000,
	      0.000000,1.000000,0.000000,
	      0.000000,1.000000,0.000000,
Index :
	     0,2,1,
	     0,1,3,
	     4,6,5,
	     4,5,7,
	     8,10,9,
	     8,9,11,
	     12,14,13,
	     12,13,15,
	     16,18,17,
	     16,17,19,
	     20,22,21,
	     20,21,23,
	     24,26,25,
	     24,25,27,
	     28,30,29,
	     28,29,31,
	     32,34,33,
	     32,33,35,
	     36,38,37,
	     36,37,39,
	     40,42,41,
	     40,41,43,
	     44,46,45,
	     44,45,47,
	     48,50,49,
	     48,49,51,
	     52,54,53,
	     52,53,55,
	     56,58,57,
	     56,57,59,
	     60,62,61,
	     60,61,63,
	     64,66,65,
	     64,65,67,
	     68,70,69,
	     68,69,71,
	     72,74,73,
	     72,73,75,
	     76,78,77,
	     76,77,79,
	     80,82,81,
	     80,81,83,
	     84,86,85,
	     84,85,87,
	     88,90,89,
	     88,89,91,
	     92,94,93,
	     92,93,95,
	     96,98,97,
	     96,97,99,
	     100,102,101,
	     100,101,103,
	     104,106,105,
	     104,105,107,
	     108,110,109,
	     108,109,111,
	     112,114,113,
	     112,113,115,
	     116,118,117,
	     116,117,119,
	     120,122,121,
	     120,123,122,
	     120,124,123,
	     120,125,124,
	     120,126,125,
	     120,127,126,
	     120,128,127,
	     120,129,128,
	     120,130,129,
	     120,121,130,
	     40,43,131,
	     44,133,132,
	     134,136,135,
	     44,137,133,
	     4,138,6,
	     139,141,140,
	     44,47,137,
	     48,143,142,
	     144,146,145,
	     48,147,143,
	     8,148,10,
	     149,151,150,
	     48,51,147,
	     52,153,152,
	     154,156,155,
	     52,157,153,
	     12,158,14,
	     159,161,160,
	     52,55,157,
	     56,163,162,
	     164,166,165,
	     56,167,163,
	     16,168,18,
	     169,171,170,
	     56,59,167,
	     60,173,172,
	     174,176,175,
	     60,177,173,
	     20,178,22,
	     179,181,180,
	     60,63,177,
	     64,183,182,
	     184,186,185,
	     64,187,183,
	     24,188,26,
	     189,191,190,
	     64,67,187,
	     68,193,192,
	     194,196,195,
	     68,197,193,
	     28,198,30,
	     199,201,200,
	     68,71,197,
	     72,203,202,
	     204,206,205,
	     72,207,203,
	     32,208,34,
	     209,211,210,
	     72,75,207,
	     76,213,212,
	     214,216,215,
	     76,217,213,
	     36,218,38,
	     219,221,220,
	     76,79,217,
	     40,223,222,
	     224,226,225,
	     40,131,223,
	     0,227,2,
	     228,230,229,
	     80,83,231,
	     84,233,232,
	     234,236,235,
	     84,237,233,
	     44,132,46,
	     238,240,239,
	     84,87,237,
	     88,242,241,
	     243,245,244,
	     88,246,242,
	     48,142,50,
	     247,249,248,
	     88,91,246,
	     92,251,250,
	     252,254,253,
	     92,255,251,
	     52,152,54,
	     256,258,257,
	     92,95,255,
	     96,260,259,
	     261,263,262,
	     96,264,260,
	     56,162,58,
	     265,267,266,
	     96,99,264,
	     100,269,268,
	     270,272,271,
	     100,273,269,
	     60,172,62,
	     274,276,275,
	     100,103,273,
	     104,278,277,
	     279,281,280,
	     104,282,278,
	     64,182,66,
	     283,285,284,
	     104,107,282,
	     108,287,286,
	     288,290,289,
	     108,291,287,
	     68,192,70,
	     292,294,293,
	     108,111,291,
	     112,296,295,
	     297,299,298,
	     112,300,296,
	     72,202,74,
	     301,303,302,
	     112,115,300,
	     116,305,304,
	     306,308,307,
	     116,309,305,
	     76,212,78,
	     310,312,311,
	     116,119,309,
	     80,314,313,
	     315,317,316,
	     80,231,314,
	     40,222,42,
	     318,320,319,
	     321,323,322,
	     324,326,325,
	     327,329,328,
	     324,330,326,
	     84,232,86,
	     331,333,332,
	     324,334,330,
	     335,337,336,
	     338,340,339,
	     335,341,337,
	     88,241,90,
	     342,344,343,
	     335,345,341,
	     346,348,347,
	     349,351,350,
	     346,352,348,
	     92,250,94,
	     353,355,354,
	     346,356,352,
	     357,359,358,
	     360,362,361,
	     357,363,359,
	     96,259,98,
	     364,366,365,
	     357,367,363,
	     368,370,369,
	     371,373,372,
	     368,374,370,
	     100,268,102,
	     375,377,376,
	     368,378,374,
	     379,381,380,
	     382,384,383,
	     379,385,381,
	     104,277,106,
	     386,388,387,
	     379,389,385,
	     390,392,391,
	     393,395,394,
	     390,396,392,
	     108,286,110,
	     397,399,398,
	     390,400,396,
	     401,403,402,
	     404,406,405,
	     401,407,403,
	     112,295,114,
	     408,410,409,
	     401,411,407,
	     412,414,413,
	     415,417,416,
	     412,418,414,
	     116,304,118,
	     419,421,420,
	     412,422,418,
	     321,424,423,
	     425,427,426,
	     321,322,424,
	     80,313,82,
	     428,430,429,
	     431,433,432,
	     434,436,435,
	     437,439,438,
	     440,442,441,
	     431,432,443,
	     444,446,445,
	     447,449,448,
	     440,441,450,
	     451,453,452,
	     454,456,455,
	     447,448,457,
	     458,460,459,
	     461,463,462,
	     454,455,464,
	     465,467,466,
	     468,470,469,
	     461,462,471,
	     472,474,473,
	     475,477,476,
	     468,469,478,
	     479,481,480,
	     482,484,483,
	     475,476,485,
	     486,488,487,
	     489,491,490,
	     482,483,492,
	     493,495,494,
	     434,496,436,
	     489,490,497,
	     498,500,499,
	     501,136,2,
	     134,1,136,
	     1,2,136,
	     134,141,1,
	     139,3,141,
	     3,1,141,
	     502,146,6,
	     144,5,146,
	     5,6,146,
	     144,151,5,
	     149,7,151,
	     7,5,151,
	     503,156,10,
	     154,9,156,
	     9,10,156,
	     154,161,9,
	     159,11,161,
	     11,9,161,
	     504,166,14,
	     164,13,166,
	     13,14,166,
	     164,171,13,
	     169,15,171,
	     15,13,171,
	     505,176,18,
	     174,17,176,
	     17,18,176,
	     174,181,17,
	     179,19,181,
	     19,17,181,
	     506,186,22,
	     184,21,186,
	     21,22,186,
	     184,191,21,
	     189,23,191,
	     23,21,191,
	     507,196,26,
	     194,25,196,
	     25,26,196,
	     194,201,25,
	     199,27,201,
	     27,25,201,
	     508,206,30,
	     204,29,206,
	     29,30,206,
	     204,211,29,
	     209,31,211,
	     31,29,211,
	     509,216,34,
	     214,33,216,
	     33,34,216,
	     214,221,33,
	     219,35,221,
	     35,33,221,
	     510,226,38,
	     224,37,226,
	     37,38,226,
	     224,230,37,
	     228,39,230,
	     39,37,230,
	     511,236,42,
	     234,41,236,
	     41,42,236,
	     234,240,41,
	     238,43,240,
	     43,41,240,
	     512,245,46,
	     243,45,245,
	     45,46,245,
	     243,249,45,
	     247,47,249,
	     47,45,249,
	     513,254,50,
	     252,49,254,
	     49,50,254,
	     252,258,49,
	     256,51,258,
	     51,49,258,
	     514,263,54,
	     261,53,263,
	     53,54,263,
	     261,267,53,
	     265,55,267,
	     55,53,267,
	     515,272,58,
	     270,57,272,
	     57,58,272,
	     270,276,57,
	     274,59,276,
	     59,57,276,
	     516,281,62,
	     279,61,281,
	     61,62,281,
	     279,285,61,
	     283,63,285,
	     63,61,285,
	     517,290,66,
	     288,65,290,
	     65,66,290,
	     288,294,65,
	     292,67,294,
	     67,65,294,
	     518,299,70,
	     297,69,299,
	     69,70,299,
	     297,303,69,
	     301,71,303,
	     71,69,303,
	     519,308,74,
	     306,73,308,
	     73,74,308,
	     306,312,73,
	     310,75,312,
	     75,73,312,
	     520,317,78,
	     315,77,317,
	     77,78,317,
	     315,320,77,
	     318,79,320,
	     79,77,320,
	     521,329,82,
	     327,81,329,
	     81,82,329,
	     327,333,81,
	     331,83,333,
	     83,81,333,
	     522,340,86,
	     338,85,340,
	     85,86,340,
	     338,344,85,
	     342,87,344,
	     87,85,344,
	     523,351,90,
	     349,89,351,
	     89,90,351,
	     349,355,89,
	     353,91,355,
	     91,89,355,
	     524,362,94,
	     360,93,362,
	     93,94,362,
	     360,366,93,
	     364,95,366,
	     95,93,366,
	     525,373,98,
	     371,97,373,
	     97,98,373,
	     371,377,97,
	     375,99,377,
	     99,97,377,
	     526,384,102,
	     382,101,384,
	     101,102,384,
	     382,388,101,
	     386,103,388,
	     103,101,388,
	     527,395,106,
	     393,105,395,
	     105,106,395,
	     393,399,105,
	     397,107,399,
	     107,105,399,
	     528,406,110,
	     404,109,406,
	     109,110,406,
	     404,410,109,
	     408,111,410,
	     111,109,410,
	     529,417,114,
	     415,113,417,
	     113,114,417,
	     415,421,113,
	     419,115,421,
	     115,113,421,
	     530,427,118,
	     425,117,427,
	     117,118,427,
	     425,430,117,
	     428,119,430,
	     119,117,430,
	     444,439,122,
	     437,121,439,
	     121,122,439,
	     451,446,123,
	     444,122,446,
	     122,123,446,
	     458,453,124,
	     451,123,453,
	     123,124,453,
	     465,460,125,
	     458,124,460,
	     124,125,460,
	     472,467,126,
	     465,125,467,
	     125,126,467,
	     479,474,127,
	     472,126,474,
	     126,127,474,
	     486,481,128,
	     479,127,481,
	     127,128,481,
	     493,488,129,
	     486,128,488,
	     128,129,488,
	     498,495,130,
	     493,129,495,
	     129,130,495,
	     437,500,121,
	     498,130,500,
	     130,121,500,
	     238,531,43,
	     501,131,531,
	     131,43,531,
	     134,135,133,
	     238,132,135,
	     132,133,135,
	     501,531,136,
	     238,135,531,
	     135,136,531,
	     502,532,137,
	     134,133,532,
	     133,137,532,
	     139,140,138,
	     502,6,140,
	     6,138,140,
	     134,532,141,
	     502,140,532,
	     140,141,532,
	     247,533,47,
	     502,137,533,
	     137,47,533,
	     144,145,143,
	     247,142,145,
	     142,143,145,
	     502,533,146,
	     247,145,533,
	     145,146,533,
	     503,534,147,
	     144,143,534,
	     143,147,534,
	     149,150,148,
	     503,10,150,
	     10,148,150,
	     144,534,151,
	     503,150,534,
	     150,151,534,
	     256,535,51,
	     503,147,535,
	     147,51,535,
	     154,155,153,
	     256,152,155,
	     152,153,155,
	     503,535,156,
	     256,155,535,
	     155,156,535,
	     504,536,157,
	     154,153,536,
	     153,157,536,
	     159,160,158,
	     504,14,160,
	     14,158,160,
	     154,536,161,
	     504,160,536,
	     160,161,536,
	     265,537,55,
	     504,157,537,
	     157,55,537,
	     164,165,163,
	     265,162,165,
	     162,163,165,
	     504,537,166,
	     265,165,537,
	     165,166,537,
	     505,538,167,
	     164,163,538,
	     163,167,538,
	     169,170,168,
	     505,18,170,
	     18,168,170,
	     164,538,171,
	     505,170,538,
	     170,171,538,
	     274,539,59,
	     505,167,539,
	     167,59,539,
	     174,175,173,
	     274,172,175,
	     172,173,175,
	     505,539,176,
	     274,175,539,
	     175,176,539,
	     506,540,177,
	     174,173,540,
	     173,177,540,
	     179,180,178,
	     506,22,180,
	     22,178,180,
	     174,540,181,
	     506,180,540,
	     180,181,540,
	     283,541,63,
	     506,177,541,
	     177,63,541,
	     184,185,183,
	     283,182,185,
	     182,183,185,
	     506,541,186,
	     283,185,541,
	     185,186,541,
	     507,542,187,
	     184,183,542,
	     183,187,542,
	     189,190,188,
	     507,26,190,
	     26,188,190,
	     184,542,191,
	     507,190,542,
	     190,191,542,
	     292,543,67,
	     507,187,543,
	     187,67,543,
	     194,195,193,
	     292,192,195,
	     192,193,195,
	     507,543,196,
	     292,195,543,
	     195,196,543,
	     508,544,197,
	     194,193,544,
	     193,197,544,
	     199,200,198,
	     508,30,200,
	     30,198,200,
	     194,544,201,
	     508,200,544,
	     200,201,544,
	     301,545,71,
	     508,197,545,
	     197,71,545,
	     204,205,203,
	     301,202,205,
	     202,203,205,
	     508,545,206,
	     301,205,545,
	     205,206,545,
	     509,546,207,
	     204,203,546,
	     203,207,546,
	     209,210,208,
	     509,34,210,
	     34,208,210,
	     204,546,211,
	     509,210,546,
	     210,211,546,
	     310,547,75,
	     509,207,547,
	     207,75,547,
	     214,215,213,
	     310,212,215,
	     212,213,215,
	     509,547,216,
	     310,215,547,
	     215,216,547,
	     510,548,217,
	     214,213,548,
	     213,217,548,
	     219,220,218,
	     510,38,220,
	     38,218,220,
	     214,548,221,
	     510,220,548,
	     220,221,548,
	     318,549,79,
	     510,217,549,
	     217,79,549,
	     224,225,223,
	     318,222,225,
	     222,223,225,
	     510,549,226,
	     318,225,549,
	     225,226,549,
	     501,550,131,
	     224,223,550,
	     223,131,550,
	     228,229,227,
	     501,2,229,
	     2,227,229,
	     224,550,230,
	     501,229,550,
	     229,230,550,
	     331,551,83,
	     511,231,551,
	     231,83,551,
	     234,235,233,
	     331,232,235,
	     232,233,235,
	     511,551,236,
	     331,235,551,
	     235,236,551,
	     512,552,237,
	     234,233,552,
	     233,237,552,
	     238,239,132,
	     512,46,239,
	     46,132,239,
	     234,552,240,
	     512,239,552,
	     239,240,552,
	     342,553,87,
	     512,237,553,
	     237,87,553,
	     243,244,242,
	     342,241,244,
	     241,242,244,
	     512,553,245,
	     342,244,553,
	     244,245,553,
	     513,554,246,
	     243,242,554,
	     242,246,554,
	     247,248,142,
	     513,50,248,
	     50,142,248,
	     243,554,249,
	     513,248,554,
	     248,249,554,
	     353,555,91,
	     513,246,555,
	     246,91,555,
	     252,253,251,
	     353,250,253,
	     250,251,253,
	     513,555,254,
	     353,253,555,
	     253,254,555,
	     514,556,255,
	     252,251,556,
	     251,255,556,
	     256,257,152,
	     514,54,257,
	     54,152,257,
	     252,556,258,
	     514,257,556,
	     257,258,556,
	     364,557,95,
	     514,255,557,
	     255,95,557,
	     261,262,260,
	     364,259,262,
	     259,260,262,
	     514,557,263,
	     364,262,557,
	     262,263,557,
	     515,558,264,
	     261,260,558,
	     260,264,558,
	     265,266,162,
	     515,58,266,
	     58,162,266,
	     261,558,267,
	     515,266,558,
	     266,267,558,
	     375,559,99,
	     515,264,559,
	     264,99,559,
	     270,271,269,
	     375,268,271,
	     268,269,271,
	     515,559,272,
	     375,271,559,
	     271,272,559,
	     516,560,273,
	     270,269,560,
	     269,273,560,
	     274,275,172,
	     516,62,275,
	     62,172,275,
	     270,560,276,
	     516,275,560,
	     275,276,560,
	     386,561,103,
	     516,273,561,
	     273,103,561,
	     279,280,278,
	     386,277,280,
	     277,278,280,
	     516,561,281,
	     386,280,561,
	     280,281,561,
	     517,562,282,
	     279,278,562,
	     278,282,562,
	     283,284,182,
	     517,66,284,
	     66,182,284,
	     279,562,285,
	     517,284,562,
	     284,285,562,
	     397,563,107,
	     517,282,563,
	     282,107,563,
	     288,289,287,
	     397,286,289,
	     286,287,289,
	     517,563,290,
	     397,289,563,
	     289,290,563,
	     518,564,291,
	     288,287,564,
	     287,291,564,
	     292,293,192,
	     518,70,293,
	     70,192,293,
	     288,564,294,
	     518,293,564,
	     293,294,564,
	     408,565,111,
	     518,291,565,
	     291,111,565,
	     297,298,296,
	     408,295,298,
	     295,296,298,
	     518,565,299,
	     408,298,565,
	     298,299,565,
	     519,566,300,
	     297,296,566,
	     296,300,566,
	     301,302,202,
	     519,74,302,
	     74,202,302,
	     297,566,303,
	     519,302,566,
	     302,303,566,
	     419,567,115,
	     519,300,567,
	     300,115,567,
	     306,307,305,
	     419,304,307,
	     304,305,307,
	     519,567,308,
	     419,307,567,
	     307,308,567,
	     520,568,309,
	     306,305,568,
	     305,309,568,
	     310,311,212,
	     520,78,311,
	     78,212,311,
	     306,568,312,
	     520,311,568,
	     311,312,568,
	     428,569,119,
	     520,309,569,
	     309,119,569,
	     315,316,314,
	     428,313,316,
	     313,314,316,
	     520,569,317,
	     428,316,569,
	     316,317,569,
	     511,570,231,
	     315,314,570,
	     314,231,570,
	     318,319,222,
	     511,42,319,
	     42,222,319,
	     315,570,320,
	     511,319,570,
	     319,320,570,
	     571,572,323,
	     521,322,572,
	     322,323,572,
	     327,328,326,
	     571,325,328,
	     325,326,328,
	     521,572,329,
	     571,328,572,
	     328,329,572,
	     522,573,330,
	     327,326,573,
	     326,330,573,
	     331,332,232,
	     522,86,332,
	     86,232,332,
	     327,573,333,
	     522,332,573,
	     332,333,573,
	     574,575,334,
	     522,330,575,
	     330,334,575,
	     338,339,337,
	     574,336,339,
	     336,337,339,
	     522,575,340,
	     574,339,575,
	     339,340,575,
	     523,576,341,
	     338,337,576,
	     337,341,576,
	     342,343,241,
	     523,90,343,
	     90,241,343,
	     338,576,344,
	     523,343,576,
	     343,344,576,
	     577,578,345,
	     523,341,578,
	     341,345,578,
	     349,350,348,
	     577,347,350,
	     347,348,350,
	     523,578,351,
	     577,350,578,
	     350,351,578,
	     524,579,352,
	     349,348,579,
	     348,352,579,
	     353,354,250,
	     524,94,354,
	     94,250,354,
	     349,579,355,
	     524,354,579,
	     354,355,579,
	     580,581,356,
	     524,352,581,
	     352,356,581,
	     360,361,359,
	     580,358,361,
	     358,359,361,
	     524,581,362,
	     580,361,581,
	     361,362,581,
	     525,582,363,
	     360,359,582,
	     359,363,582,
	     364,365,259,
	     525,98,365,
	     98,259,365,
	     360,582,366,
	     525,365,582,
	     365,366,582,
	     583,584,367,
	     525,363,584,
	     363,367,584,
	     371,372,370,
	     583,369,372,
	     369,370,372,
	     525,584,373,
	     583,372,584,
	     372,373,584,
	     526,585,374,
	     371,370,585,
	     370,374,585,
	     375,376,268,
	     526,102,376,
	     102,268,376,
	     371,585,377,
	     526,376,585,
	     376,377,585,
	     586,587,378,
	     526,374,587,
	     374,378,587,
	     382,383,381,
	     586,380,383,
	     380,381,383,
	     526,587,384,
	     586,383,587,
	     383,384,587,
	     527,588,385,
	     382,381,588,
	     381,385,588,
	     386,387,277,
	     527,106,387,
	     106,277,387,
	     382,588,388,
	     527,387,588,
	     387,388,588,
	     589,590,389,
	     527,385,590,
	     385,389,590,
	     393,394,392,
	     589,391,394,
	     391,392,394,
	     527,590,395,
	     589,394,590,
	     394,395,590,
	     528,591,396,
	     393,392,591,
	     392,396,591,
	     397,398,286,
	     528,110,398,
	     110,286,398,
	     393,591,399,
	     528,398,591,
	     398,399,591,
	     592,593,400,
	     528,396,593,
	     396,400,593,
	     404,405,403,
	     592,402,405,
	     402,403,405,
	     528,593,406,
	     592,405,593,
	     405,406,593,
	     529,594,407,
	     404,403,594,
	     403,407,594,
	     408,409,295,
	     529,114,409,
	     114,295,409,
	     404,594,410,
	     529,409,594,
	     409,410,594,
	     595,596,411,
	     529,407,596,
	     407,411,596,
	     415,416,414,
	     595,413,416,
	     413,414,416,
	     529,596,417,
	     595,416,596,
	     416,417,596,
	     530,597,418,
	     415,414,597,
	     414,418,597,
	     419,420,304,
	     530,118,420,
	     118,304,420,
	     415,597,421,
	     530,420,597,
	     420,421,597,
	     598,599,422,
	     530,418,599,
	     418,422,599,
	     425,426,424,
	     598,423,426,
	     423,424,426,
	     530,599,427,
	     598,426,599,
	     426,427,599,
	     521,600,322,
	     425,424,600,
	     424,322,600,
	     428,429,313,
	     521,82,429,
	     82,313,429,
	     425,600,430,
	     521,429,600,
	     429,430,600,
	     601,602,433,
	     444,432,602,
	     432,433,602,
	     437,438,436,
	     601,435,438,
	     435,436,438,
	     444,602,439,
	     601,438,602,
	     438,439,602,
	     603,604,442,
	     451,441,604,
	     441,442,604,
	     444,445,432,
	     603,443,445,
	     443,432,445,
	     451,604,446,
	     603,445,604,
	     445,446,604,
	     605,606,449,
	     458,448,606,
	     448,449,606,
	     451,452,441,
	     605,450,452,
	     450,441,452,
	     458,606,453,
	     605,452,606,
	     452,453,606,
	     607,608,456,
	     465,455,608,
	     455,456,608,
	     458,459,448,
	     607,457,459,
	     457,448,459,
	     465,608,460,
	     607,459,608,
	     459,460,608,
	     609,610,463,
	     472,462,610,
	     462,463,610,
	     465,466,455,
	     609,464,466,
	     464,455,466,
	     472,610,467,
	     609,466,610,
	     466,467,610,
	     611,612,470,
	     479,469,612,
	     469,470,612,
	     472,473,462,
	     611,471,473,
	     471,462,473,
	     479,612,474,
	     611,473,612,
	     473,474,612,
	     613,614,477,
	     486,476,614,
	     476,477,614,
	     479,480,469,
	     613,478,480,
	     478,469,480,
	     486,614,481,
	     613,480,614,
	     480,481,614,
	     615,616,484,
	     493,483,616,
	     483,484,616,
	     486,487,476,
	     615,485,487,
	     485,476,487,
	     493,616,488,
	     615,487,616,
	     487,488,616,
	     617,618,491,
	     498,490,618,
	     490,491,618,
	     493,494,483,
	     617,492,494,
	     492,483,494,
	     498,618,495,
	     617,494,618,
	     494,495,618,
	     619,620,496,
	     437,436,620,
	     436,496,620,
	     498,499,490,
	     619,497,499,
	     497,490,499,
	     437,620,500,
	     619,499,620,
	     499,500,620,

